#经验表设置文件，前两个0请务必保留
0
0
15
65
175
369
671
1105
1695
2465
3439
4641
6095
7825
9855
12209
14911
17985
21455
25345
29679
34481
39775
45585
51935
58849
66351
74465
83215
92625
102719
113521
125055
137345
150415
164289
178991
194545
210975
228305
246559
265761
285935
307105
329295
352529
376831
402225
428735
456385
485199
515201
546415
578865
612575
647569
683871
721505
760495
800865
842639
885841
930495
976625
1024255
1073409
1124111
1176385
1230255
1285745
1342879
1401681
1462175
1524385
1588335
1654049
1721551
1790865
1862015
1935025
2009919
2086721
2165455
2246145
2328815
2413489
2500191
2588945
2679775
2772705
2867759
2964961
3064335
3165905
3269695
3375729
3484031
3594625
3707535
3822785
3940399
4060401
4182815
4307665
4434975
4564769
4697071
4831905
4969295
5109265
5251839
5397041
5544895
5695425
5848655
6004609
6163311
6324785
6489055
6656145
6826079
6998881
7174575
7353185
7534735
7719249
7906751
8097265
8290815
8487425
8687119
8889921
9095855
9304945
9517215
9732689
9951391
10173345
10398575
10627105
10858959
11094161
11332735
11574705
11820095
12068929
12321231
12577025
12836335
13099185
13365599
13635601
13909215
14186465
14467375
14751969
15040271
15332305
15628095
15927665
16231039
16538241
16849295
17164225
17483055
17805809
18132511
18463185
18797855
19136545
19479279
19826081
20176975
20531985
20891135
21254449
21621951
21993665
22369615
22749825
23134319
23523121
23916255
24313745
24715615
25121889
25532591
25947745
26367375
26791505
27220159
27653361
28091135
28533505
28980495
29432129
29888431
30349425
30815135
31285585
31760799
32240801
32725615
33215265
33709775
34209169
34713471
35222705
35736895
36256065
36780239
37309441
37843695
38383025
38927455
39477009
40031711
40591585
41156655
41726945
42302479
42883281
43469375
44060785
44657535
45259649
45867151
46480065
47098415
47722225
48351519
48986321
49626655
50272545
50924015
51581089
52243791
52912145
53586175
54265905
54951359
55642561
56339535
57042305
57750895
58465329
59185631
59911825
60643935
61381985
62125999
62876001
63632015
64394065
65162175
65936369
66716671
67503105
68295695
69094465
69899439
70710641
71528095
72351825
73181855
74018209
74860911
75709985
76565455
77427345
78295679
79170481
80051775
80939585
81833935
82734849
83642351
84556465
85477215
86404625
87338719
88279521
89227055
90181345
91142415
92110289
93084991
94066545
95054975
96050305
97052559
98061761
99077935
100101105
101131295
102168529
103212831
104264225
105322735
106388385
107461199
108541201
109628415
110722865
111824575
112933569
114049871
115173505
116304495
117442865
118588639
119741841
120902495
122070625
123246255
124429409
125620111
126818385
128024255
129237745
130458879
131687681
132924175
134168385
135420335
136680049
137947551
139222865
140506015
141797025
143095919
144402721
145717455
147040145
148370815
149709489
151056191
152410945
153773775
155144705
156523759
157910961
159306335
160709905
162121695
163541729
164970031
166406625
167851535
169304785
170766399
172236401
173714815
175201665
176696975
178200769
179713071
181233905
182763295
184301265
185847839
187403041
188966895
190539425
192120655
193710609
195309311
196916785
198533055
200158145
201792079
203434881
205086575
206747185
208416735
210095249
211782751
213479265
215184815
216899425
218623119
220355921
222097855
223848945
225609215
227378689
229157391
230945345
232742575
234549105
236364959
238190161
240024735
241868705
243722095
245584929
247457231
249339025
251230335
253131185
255041599
256961601
258891215
260830465
262779375
264737969
266706271
268684305
270672095
272669665
274677039
276694241
278721295
280758225
282805055
284861809
286928511
289005185
291091855
293188545
295295279
297412081
299538975
301675985
303823135
305980449
308147951
310325665
312513615
314711825
316920319
319139121
321368255
323607745
325857615
328117889
330388591
332669745
334961375
337263505
339576159
341899361
344233135
346577505
348932495
351298129
353674431
356061425
358459135
360867585
363286799
365716801
368157615
370609265
373071775
375545169
378029471
380524705
383030895
385548065
388076239
390615441
393165695
395727025
398299455
400883009
403477711
406083585
408700655
411328945
413968479
416619281
419281375
421954785
424639535
427335649
430043151
432762065
435492415
438234225
440987519
443752321
446528655
449316545
452116015
454927089
457749791
460584145
463430175
466287905
469157359
472038561
474931535
477836305
480752895
483681329
486621631
489573825
492537935
495513985
498501999
501502001
504514015
507538065
510574175
513622369
516682671
519755105
522839695
525936465
529045439
532166641
535300095
538445825
541603855
544774209
547956911
551151985
554359455
557579345
560811679
564056481
567313775
570583585
573865935
577160849
580468351
583788465
587121215
590466625
593824719
597195521
600579055
603975345
607384415
610806289
614240991
617688545
621148975
624622305
628108559
631607761
635119935
638645105
642183295
645734529
649298831
652876225
656466735
660070385
663687199
667317201
670960415
674616865
678286575
681969569
685665871
689375505
693098495
696834865
700584639
704347841
708124495
711914625
715718255
719535409
723366111
727210385
731068255
734939745
738824879
742723681
746636175
750562385
754502335
758456049
762423551
766404865
770400015
774409025
778431919
782468721
786519455
790584145
794662815
798755489
802862191
806982945
811117775
815266705
819429759
823606961
827798335
832003905
836223695
840457729
844706031
848968625
853245535
857536785
861842399
866162401
870496815
874845665
879208975
883586769
887979071
892385905
896807295
901243265
905693839
910159041
914638895
919133425
923642655
928166609
932705311
937258785
941827055
946410145
951008079
955620881
960248575
964891185
969548735
974221249
978908751
983611265
988328815
993061425
997809119
1002571921
1007349855
1012142945
1016951215
1021774689
1026613391
1031467345
1036336575
1041221105
1046120959
1051036161
1055966735
1060912705
1065874095
1070850929
1075843231
1080851025
1085874335
1090913185
1095967599
1101037601
1106123215
1111224465
1116341375
1121473969
1126622271
1131786305
1136966095
1142161665
1147373039
1152600241
1157843295
1163102225
1168377055
1173667809
1178974511
1184297185
1189635855
1194990545
1200361279
1205748081
1211150975
1216569985
1222005135
1227456449
1232923951
1238407665
1243907615
1249423825
1254956319
1260505121
1266070255
1271651745
1277249615
1282863889
1288494591
1294141745
1299805375
1305485505
1311182159
1316895361
1322625135
1328371505
1334134495
1339914129
1345710431
1351523425
1357353135
1363199585
1369062799
1374942801
1380839615
1386753265
1392683775
1398631169
1404595471
1410576705
1416574895
1422590065
1428622239
1434671441
1440737695
1446821025
1452921455
1459039009
1465173711
1471325585
1477494655
1483680945
1489884479
1496105281
1502343375
1508598785
1514871535
1521161649
1527469151
1533794065
1540136415
1546496225
1552873519
1559268321
1565680655
1572110545
1578558015
1585023089
1591505791
1598006145
1604524175
1611059905
1617613359
1624184561
1630773535
1637380305
1644004895
1650647329
1657307631
1663985825
1670681935
1677395985
1684127999
1690878001
1697646015
1704432065
1711236175
1718058369
1724898671
1731757105
1738633695
1745528465
1752441439
1759372641
1766322095
1773289825
1780275855
1787280209
1794302911
1801343985
1808403455
1815481345
1822577679
1829692481
1836825775
1843977585
1851147935
1858336849
1865544351
1872770465
1880015215
1887278625
1894560719
1901861521
1909181055
1916519345
1923876415
1931252289
1938646991
1946060545
1953492975
1960944305
1968414559
1975903761
1983411935
1990939105
1998485295
2006050529
2013634831
2021238225
2028860735
2036502385
2044163199