スタ`ベリルの欠片(武器)	0	0	-20	-20	0	10	10	0			0			0			0			0			0			0			0			0			0			0			0			0			0			0			0			0			0			0			0			0			0		
かなり欠けたスタ`ベリル(武器)	1	0	-24	-24	0	12	12	0			0			0			0			0			0			0			0			0			0			0			0			0			0			0			0			0			0			0			0			0			0		
欠けたスタ`ベリル(武器)	2	0	-28	-28	0	14	14	0			0			0			0			0			0			0			0			0			0			0			0			0			0			0			0			0			0			0			0			0			0		
やや欠けたスタ`ベリル(武器)	3	0	-32	-32	0	16	16	0			0			0			0			0			0			0			0			0			0			0			0			0			0			0			0			0			0			0			0			0			0		
スタ`ベリル(武器)	4	0	-36	-36	0	18	18	0			0			0			0			0			0			0			0			0			0			0			0			0			0			0			0			0			0			0			0			0			0		
やや良质なスタ`ベリル(武器)	5	0	-40	-40	0	20	20	0			0			0			0			0			0			0			0			0			0			0			0			0			0			0			0			0			0			0			0			0			0		
良质なスタ`ベリル(武器)	6	0	-44	-44	0	22	22	0			0			0			0			0			0			0			0			0			0			0			0			0			0			0			0			0			0			0			0			0			0		
かなり良质なスタ`ベリル(武器)	7	0	-48	-48	0	24	24	0			0			0			0			0			0			0			0			0			0			0			0			0			0			0			0			0			0			0			0			0			0		
完全に近いスタ`ベリル(武器)	8	0	-52	-52	0	26	26	0			0			0			0			0			0			0			0			0			0			0			0			0			0			0			0			0			0			0			0			0			0		
完全结晶体のスタ`ベリル(武器)	9	0	-56	-56	0	28	28	0			0			0			0			0			0			0			0			0			0			0			0			0			0			0			0			0			0			0			0			0			0		
ガ`ネットの欠片(武器)	10	0	9	9	0			0			0			0			0			0			0			0			0			0			0			0			0			0			0			0			0			0			0			0			0			0			0		
かなり欠けたガ`ネット(武器)	11	0	13	13	0			0			0			0			0			0			0			0			0			0			0			0			0			0			0			0			0			0			0			0			0			0			0		
欠けたガ`ネット(武器)	12	0	17	17	0			0			0			0			0			0			0			0			0			0			0			0			0			0			0			0			0			0			0			0			0			0			0		
やや欠けたガ`ネット(武器)	13	0	21	21	0			0			0			0			0			0			0			0			0			0			0			0			0			0			0			0			0			0			0			0			0			0			0		
ガ`ネット(武器)	14	0	25	25	0			0			0			0			0			0			0			0			0			0			0			0			0			0			0			0			0			0			0			0			0			0			0		
やや良质なガ`ネット(武器)	15	0	29	29	0			0			0			0			0			0			0			0			0			0			0			0			0			0			0			0			0			0			0			0			0			0			0		
良质なガ`ネット(武器)	16	0	33	33	0			0			0			0			0			0			0			0			0			0			0			0			0			0			0			0			0			0			0			0			0			0			0		
かなり良质なガ`ネット(武器)	17	0	37	37	0			0			0			0			0			0			0			0			0			0			0			0			0			0			0			0			0			0			0			0			0			0			0		
完全に近いガ`ネット(武器)	18	0	41	41	0			0			0			0			0			0			0			0			0			0			0			0			0			0			0			0			0			0			0			0			0			0			0		
完全结晶体のガ`ネット(武器)	19	0	45	45	0			0			0			0			0			0			0			0			0			0			0			0			0			0			0			0			0			0			0			0			0			0			0		
ソグディアナイトの欠片(武器)	20	0			0	-2	-2	0			0			0			0			0			0			1	1	1	0			0			0			0			0			0			0			0			0			0			0			0			0			0			0		
かなり欠けたソグディアナイト(武器)	21	0			0	-4	-4	0			0			0			0			0			0			1	2	2	0			0			0			0			0			0			0			0			0			0			0			0			0			0			0		
欠けたソグディアナイト(武器)	22	0			0	-6	-6	0			0			0			0			0			0			1	3	3	0			0			0			0			0			0			0			0			0			0			0			0			0			0			0		
やや欠けたソグディアナイト(武器)	23	0			0	-8	-8	0			0			0			0			0			0			1	4	4	0			0			0			0			0			0			0			0			0			0			0			0			0			0			0		
ソグディアナイト(武器)	24	0			0	-10	-10	0			0			0			0			0			0			1	5	5	0			0			0			0			0			0			0			0			0			0			0			0			0			0			0		
やや良质なソグディアナイト(武器)	25	0			0	-12	-12	0			0			0			0			0			0			1	6	6	0			0			0			0			0			0			0			0			0			0			0			0			0			0			0		
良质なソグディアナイト(武器)	26	0			0	-14	-14	0			0			0			0			0			0			1	7	7	0			0			0			0			0			0			0			0			0			0			0			0			0			0			0		
かなり良质なソグディアナイト(武器)	27	0			0	-16	-16	0			0			0			0			0			0			1	8	8	0			0			0			0			0			0			0			0			0			0			0			0			0			0			0		
完全に近いソグディアナイト(武器)	28	0			0	-18	-18	0			0			0			0			0			0			1	9	9	0			0			0			0			0			0			0			0			0			0			0			0			0			0			0		
完全结晶体のソグディアナイト(武器)	29	0			0	-20	-20	0			0			0			0			0			0			1	10	10	0			0			0			0			0			0			0			0			0			0			0			0			0			0			0		
トパ`ズの欠片(武器)	30	0			0	-2	-2	0			0			0			0			1	1	1	0			0			0			0			0			0			0			0			0			0			0			0			0			0			0			0			0		
かなり欠けたトパ`ズ(武器)	31	0			0	-4	-4	0			0			0			0			1	2	2	0			0			0			0			0			0			0			0			0			0			0			0			0			0			0			0			0		
欠けたトパ`ズ(武器)	32	0			0	-6	-6	0			0			0			0			1	3	3	0			0			0			0			0			0			0			0			0			0			0			0			0			0			0			0			0		
やや欠けたトパ`ズ(武器)	33	0			0	-8	-8	0			0			0			0			1	4	4	0			0			0			0			0			0			0			0			0			0			0			0			0			0			0			0			0		
トパ`ズ(武器)	34	0			0	-10	-10	0			0			0			0			1	5	5	0			0			0			0			0			0			0			0			0			0			0			0			0			0			0			0			0		
やや良质なトパ`ズ(武器)	35	0			0	-12	-12	0			0			0			0			1	6	6	0			0			0			0			0			0			0			0			0			0			0			0			0			0			0			0			0		
良质なトパ`ズ(武器)	36	0			0	-14	-14	0			0			0			0			1	7	7	0			0			0			0			0			0			0			0			0			0			0			0			0			0			0			0			0		
かなり良质なトパ`ズ(武器)	37	0			0	-16	-16	0			0			0			0			1	8	8	0			0			0			0			0			0			0			0			0			0			0			0			0			0			0			0			0		
完全に近いトパ`ズ(武器)	38	0			0	-18	-18	0			0			0			0			1	9	9	0			0			0			0			0			0			0			0			0			0			0			0			0			0			0			0			0		
完全结晶体のトパ`ズ(武器)	39	0			0	-20	-20	0			0			0			0			1	10	10	0			0			0			0			0			0			0			0			0			0			0			0			0			0			0			0			0		
アクアマリンの欠片(武器)	40	0			0	3	3	0			0			0			0			0			0			0			0	-1	-1	0			0			0			0			0			0			0			0			0			0			0			0			0			0		
かなり欠けたアクアマリン(武器)	41	0			0	5	5	0			0			0			0			0			0			0			0	-2	-2	0			0			0			0			0			0			0			0			0			0			0			0			0			0		
欠けたアクアマリン(武器)	42	0			0	7	7	0			0			0			0			0			0			0			0	-3	-3	0			0			0			0			0			0			0			0			0			0			0			0			0			0		
やや欠けたアクアマリン(武器)	43	0			0	9	9	0			0			0			0			0			0			0			0	-4	-4	0			0			0			0			0			0			0			0			0			0			0			0			0			0		
アクアマリン(武器)	44	0			0	11	11	0			0			0			0			0			0			0			0	-5	-5	0			0			0			0			0			0			0			0			0			0			0			0			0			0		
やや良质なアクアマリン(武器)	45	0			0	13	13	0			0			0			0			0			0			0			0	-6	-6	0			0			0			0			0			0			0			0			0			0			0			0			0			0		
良质なアクアマリン(武器)	46	0			0	15	15	0			0			0			0			0			0			0			0	-7	-7	0			0			0			0			0			0			0			0			0			0			0			0			0			0		
かなり良质なアクアマリン(武器)	47	0			0	17	17	0			0			0			0			0			0			0			0	-8	-8	0			0			0			0			0			0			0			0			0			0			0			0			0			0		
完全に近いアクアマリン(武器)	48	0			0	19	19	0			0			0			0			0			0			0			0	-9	-9	0			0			0			0			0			0			0			0			0			0			0			0			0			0		
完全结晶体のアクアマリン(武器)	49	0			0	21	21	0			0			0			0			0			0			0			0	-10	-10	0			0			0			0			0			0			0			0			0			0			0			0			0			0		
エメラルドの欠片(武器)	50	0			0			0			0			0			0			1	1	1	1	-1	-1	0			0			0			0			0			0			0			0			0			0			0			0			0			0			0			0		
かなり欠けたエメラルド(武器)	51	0			0			0			0			0			0			1	2	2	1	-2	-2	0			0			0			0			0			0			0			0			0			0			0			0			0			0			0			0		
欠けたエメラルド(武器)	52	0			0			0			0			0			0			1	3	3	1	-3	-3	0			0			0			0			0			0			0			0			0			0			0			0			0			0			0			0		
やや欠けたエメラルド(武器)	53	0			0			0			0			0			0			1	4	4	1	-4	-4	0			0			0			0			0			0			0			0			0			0			0			0			0			0			0			0		
エメラルド(武器)	54	0			0			0			0			0			0			1	5	5	1	-5	-5	0			0			0			0			0			0			0			0			0			0			0			0			0			0			0			0		
やや良质なエメラルド(武器)	55	0			0			0			0			0			0			1	6	6	1	-6	-6	0			0			0			0			0			0			0			0			0			0			0			0			0			0			0			0		
良质なエメラルド(武器)	56	0			0			0			0			0			0			1	7	7	1	-7	-7	0			0			0			0			0			0			0			0			0			0			0			0			0			0			0			0		
かなり良质なエメラルド(武器)	57	0			0			0			0			0			0			1	8	8	1	-8	-8	0			0			0			0			0			0			0			0			0			0			0			0			0			0			0			0		
完全に近いエメラルド(武器)	58	0			0			0			0			0			0			1	9	9	1	-9	-9	0			0			0			0			0			0			0			0			0			0			0			0			0			0			0			0		
完全结晶体のエメラルド(武器)	59	0			0			0			0			0			0			1	10	10	1	-10	-10	0			0			0			0			0			0			0			0			0			0			0			0			0			0			0			0		
アメジストの欠片(武器)	60	0			0	1	1	1	8	8	0			0			0			0			0			0			0			0			0			0			0			0			0			0			0			0			0			0			0			0			0		
かなり欠けたアメジスト(武器)	61	0			0	2	2	1	16	16	0			0			0			0			0			0			0			0			0			0			0			0			0			0			0			0			0			0			0			0			0		
欠けたアメジスト(武器)	62	0			0	3	3	1	24	24	0			0			0			0			0			0			0			0			0			0			0			0			0			0			0			0			0			0			0			0			0		
やや欠けたアメジスト(武器)	63	0			0	4	4	1	32	32	0			0			0			0			0			0			0			0			0			0			0			0			0			0			0			0			0			0			0			0			0		
アメジスト(武器)	64	0			0	5	5	1	40	40	0			0			0			0			0			0			0			0			0			0			0			0			0			0			0			0			0			0			0			0			0		
やや良质なアメジスト(武器)	65	0			0	6	6	1	48	48	0			0			0			0			0			0			0			0			0			0			0			0			0			0			0			0			0			0			0			0			0		
良质なアメジスト(武器)	66	0			0	7	7	1	56	56	0			0			0			0			0			0			0			0			0			0			0			0			0			0			0			0			0			0			0			0			0		
かなり良质なアメジスト(武器)	67	0			0	8	8	1	64	64	0			0			0			0			0			0			0			0			0			0			0			0			0			0			0			0			0			0			0			0			0		
完全に近いアメジスト(武器)	68	0			0	9	9	1	72	72	0			0			0			0			0			0			0			0			0			0			0			0			0			0			0			0			0			0			0			0			0		
完全结晶体のアメジスト(武器)	69	0			0	10	10	1	80	80	0			0			0			0			0			0			0			0			0			0			0			0			0			0			0			0			0			0			0			0			0		
オパ`ルの欠片（武器）	70	0			0			0			0			0			0			0			0			0			0			0			1	30	30	0			0			0			0			0			0			0			0			0			0			0			0		
かなり欠けたオパ`ル（武器）	71	0			0			0			0			0			0			0			0			0			0			0			1	40	40	0			0			0			0			0			0			0			0			0			0			0			0		
欠けたオパ`ル（武器）	72	0			0			0			0			0			0			0			0			0			0			0			1	50	50	0			0			0			0			0			0			0			0			0			0			0			0		
やや欠けたオパ`ル（武器）	73	0			0			0			0			0			0			0			0			0			0			0			1	60	60	0			0			0			0			0			0			0			0			0			0			0			0		
オパ`ル（武器）	74	0			0			0			0			0			0			0			0			0			0			0			1	70	70	0			0			0			0			0			0			0			0			0			0			0			0		
やや良质なオパ`ル（武器）	75	0			0			0			0			0			0			0			0			0			0			0			1	80	80	0			0			0			0			0			0			0			0			0			0			0			0		
良质なオパ`ル（武器）	76	0			0			0			0			0			0			0			0			0			0			0			1	90	90	0			0			0			0			0			0			0			0			0			0			0			0		
かなり良质なオパ`ル（武器）	77	0			0			0			0			0			0			0			0			0			0			0			1	100	100	0			0			0			0			0			0			0			0			0			0			0			0		
完全に近いオパ`ル（武器）	78	0			0			0			0			0			0			0			0			0			0			0			1	110	110	0			0			0			0			0			0			0			0			0			0			0			0		
完全结晶体のオパ`ル（武器）	79	0			0			0			0			0			0			0			0			0			0			0			1	120	120	0			0			0			0			0			0			0			0			0			0			0			0		
砂漠の赤星（武器）	80	0	-15	-5	0			0			0			0			0			1	-1	5	1	-1	5	0			0			0			0			1	-1	0	0			0			0			0			0			0			0			0			0			0			0		
Qパ`ツ（武器）	90	0	-30	-30	0	60	60	0	60	60	0	60	60	0	60	60	0	60	60	0	30	30	0	60	60	0	60	60	0	60	60	0	60	60	0	60	60	0	60	60	0			0			0	60	60	0	60	60	0	60	60	0	60	60	0	60	60	0	60	60	0			0			0		
Ｏパ`ツ（武器）	91	0	-30	-30	0	20	20	0	20	20	0	20	20	0	20	20	0	20	20	0	10	10	0	20	20	0	20	20	0	20	20	0	20	20	0	20	20	0	20	20	0			0			0	20	20	0	20	20	0	20	20	0	20	20	0	20	20	0	20	20	0			0			0		
ランクブラッド（武器）	92	0	-20	-20	0	15	15	0			0			0			0			0			0			0			0			0			0			0			0			0			0			0			0			0			0			0			0			0			0		
２周年记念?石（武器）	93	0			0	10	10	0	10	10	0	10	10	0	10	10	0	10	10	0	5	5	0	10	10	0	10	10	0	10	10	0	10	10	0	10	10	0	10	10	0			0			0	10	10	0	10	10	0	10	10	0	10	10	0	10	10	0	10	10	0			0			0		
スタ`ベリルの欠片(防具)	400	0	-20	-20	0			0	10	10	0			0			0			0			0			0			0			0			0			0			0			0			0			0			0			0			0			0			0			0			0		
かなり欠けたスタ`ベリル(防具)	401	0	-24	-24	0			0	12	12	0			0			0			0			0			0			0			0			0			0			0			0			0			0			0			0			0			0			0			0			0		
欠けたスタ`ベリル(防具)	402	0	-28	-28	0			0	14	14	0			0			0			0			0			0			0			0			0			0			0			0			0			0			0			0			0			0			0			0			0		
やや欠けたスタ`ベリル(防具)	403	0	-32	-32	0			0	16	16	0			0			0			0			0			0			0			0			0			0			0			0			0			0			0			0			0			0			0			0			0		
スタ`ベリル(防具)	404	0	-36	-36	0			0	18	18	0			0			0			0			0			0			0			0			0			0			0			0			0			0			0			0			0			0			0			0			0		
やや良质なスタ`ベリル(防具)	405	0	-40	-40	0			0	20	20	0			0			0			0			0			0			0			0			0			0			0			0			0			0			0			0			0			0			0			0			0		
良质なスタ`ベリル(防具)	406	0	-44	-44	0			0	22	22	0			0			0			0			0			0			0			0			0			0			0			0			0			0			0			0			0			0			0			0			0		
かなり良质なスタ`ベリル(防具)	407	0	-48	-48	0			0	24	24	0			0			0			0			0			0			0			0			0			0			0			0			0			0			0			0			0			0			0			0			0		
完全に近いスタ`ベリル(防具)	408	0	-52	-52	0			0	26	26	0			0			0			0			0			0			0			0			0			0			0			0			0			0			0			0			0			0			0			0			0		
完全结晶体のスタ`ベリル(防具)	409	0	-56	-56	0			0	28	28	0			0			0			0			0			0			0			0			0			0			0			0			0			0			0			0			0			0			0			0			0		
ガ`ネットの欠片(防具)	410	0	9	9	0			0			0			0			0			0			0			0			0			0			0			0			0			0			0			0			0			0			0			0			0			0			0		
かなり欠けたガ`ネット(防具)	411	0	13	13	0			0			0			0			0			0			0			0			0			0			0			0			0			0			0			0			0			0			0			0			0			0			0		
欠けたガ`ネット(防具)	412	0	17	17	0			0			0			0			0			0			0			0			0			0			0			0			0			0			0			0			0			0			0			0			0			0			0		
やや欠けたガ`ネット(防具)	413	0	21	21	0			0			0			0			0			0			0			0			0			0			0			0			0			0			0			0			0			0			0			0			0			0			0		
ガ`ネット(防具)	414	0	25	25	0			0			0			0			0			0			0			0			0			0			0			0			0			0			0			0			0			0			0			0			0			0			0		
やや良质なガ`ネット(防具)	415	0	29	29	0			0			0			0			0			0			0			0			0			0			0			0			0			0			0			0			0			0			0			0			0			0			0		
良质なガ`ネット(防具)	416	0	33	33	0			0			0			0			0			0			0			0			0			0			0			0			0			0			0			0			0			0			0			0			0			0			0		
かなり良质なガ`ネット(防具)	417	0	37	37	0			0			0			0			0			0			0			0			0			0			0			0			0			0			0			0			0			0			0			0			0			0			0		
完全に近いガ`ネット(防具)	418	0	41	41	0			0			0			0			0			0			0			0			0			0			0			0			0			0			0			0			0			0			0			0			0			0			0		
完全结晶体のガ`ネット(防具)	419	0	45	45	0			0			0			0			0			0			0			0			0			0			0			0			0			0			0			0			0			0			0			0			0			0			0		
ソグディアナイトの欠片(防具)	420	0			0			0	-2	-2	0			0			0			0			0			0			1	1	1	0			0			0			0			0			0			0			0			0			0			0			0			0			0		
かなり欠けたソグディアナイト(防具)	421	0			0			0	-4	-4	0			0			0			0			0			0			1	2	2	0			0			0			0			0			0			0			0			0			0			0			0			0			0		
欠けたソグディアナイト(防具)	422	0			0			0	-6	-6	0			0			0			0			0			0			1	3	3	0			0			0			0			0			0			0			0			0			0			0			0			0			0		
やや欠けたソグディアナイト(防具)	423	0			0			0	-8	-8	0			0			0			0			0			0			1	4	4	0			0			0			0			0			0			0			0			0			0			0			0			0			0		
ソグディアナイト(防具)	424	0			0			0	-10	-10	0			0			0			0			0			0			1	5	5	0			0			0			0			0			0			0			0			0			0			0			0			0			0		
やや良质なソグディアナイト(防具)	425	0			0			0	-12	-12	0			0			0			0			0			0			1	6	6	0			0			0			0			0			0			0			0			0			0			0			0			0			0		
良质なソグディアナイト(防具)	426	0			0			0	-14	-14	0			0			0			0			0			0			1	7	7	0			0			0			0			0			0			0			0			0			0			0			0			0			0		
かなり良质なソグディアナイト(防具)	427	0			0			0	-16	-16	0			0			0			0			0			0			1	8	8	0			0			0			0			0			0			0			0			0			0			0			0			0			0		
完全に近いソグディアナイト(防具)	428	0			0			0	-18	-18	0			0			0			0			0			0			1	9	9	0			0			0			0			0			0			0			0			0			0			0			0			0			0		
完全结晶体のソグディアナイト(防具)	429	0			0			0	-20	-20	0			0			0			0			0			0			1	10	10	0			0			0			0			0			0			0			0			0			0			0			0			0			0		
トパ`ズの欠片(防具)	430	0			0			0	-2	-2	0			0			0			0			1	1	1	0			0			0			0			0			0			0			0			0			0			0			0			0			0			0			0		
かなり欠けたトパ`ズ(防具)	431	0			0			0	-4	-4	0			0			0			0			1	2	2	0			0			0			0			0			0			0			0			0			0			0			0			0			0			0			0		
欠けたトパ`ズ(防具)	432	0			0			0	-6	-6	0			0			0			0			1	3	3	0			0			0			0			0			0			0			0			0			0			0			0			0			0			0			0		
やや欠けたトパ`ズ(防具)	433	0			0			0	-8	-8	0			0			0			0			1	4	4	0			0			0			0			0			0			0			0			0			0			0			0			0			0			0			0		
トパ`ズ(防具)	434	0			0			0	-10	-10	0			0			0			0			1	5	5	0			0			0			0			0			0			0			0			0			0			0			0			0			0			0			0		
やや良质なトパ`ズ(防具)	435	0			0			0	-12	-12	0			0			0			0			1	6	6	0			0			0			0			0			0			0			0			0			0			0			0			0			0			0			0		
良质なトパ`ズ(防具)	436	0			0			0	-14	-14	0			0			0			0			1	7	7	0			0			0			0			0			0			0			0			0			0			0			0			0			0			0			0		
かなり良质なトパ`ズ(防具)	437	0			0			0	-16	-16	0			0			0			0			1	8	8	0			0			0			0			0			0			0			0			0			0			0			0			0			0			0			0		
完全に近いトパ`ズ(防具)	438	0			0			0	-18	-18	0			0			0			0			1	9	9	0			0			0			0			0			0			0			0			0			0			0			0			0			0			0			0		
完全结晶体のトパ`ズ(防具)	439	0			0			0	-20	-20	0			0			0			0			1	10	10	0			0			0			0			0			0			0			0			0			0			0			0			0			0			0			0		
アクアマリンの欠片(防具)	440	0			0			0	3	3	0			0			0			0			0			1	-1	-1	0			0			0			0			0			0			0			0			0			0			0			0			0			0			0		
かなり欠けたアクアマリン(防具)	441	0			0			0	5	5	0			0			0			0			0			1	-2	-2	0			0			0			0			0			0			0			0			0			0			0			0			0			0			0		
欠けたアクアマリン(防具)	442	0			0			0	7	7	0			0			0			0			0			1	-3	-3	0			0			0			0			0			0			0			0			0			0			0			0			0			0			0		
やや欠けたアクアマリン(防具)	443	0			0			0	9	9	0			0			0			0			0			1	-4	-4	0			0			0			0			0			0			0			0			0			0			0			0			0			0			0		
アクアマリン(防具)	444	0			0			0	11	11	0			0			0			0			0			1	-5	-5	0			0			0			0			0			0			0			0			0			0			0			0			0			0			0		
やや良质なアクアマリン(防具)	445	0			0			0	13	13	0			0			0			0			0			1	-6	-6	0			0			0			0			0			0			0			0			0			0			0			0			0			0			0		
良质なアクアマリン(防具)	446	0			0			0	15	15	0			0			0			0			0			1	-7	-7	0			0			0			0			0			0			0			0			0			0			0			0			0			0			0		
かなり良质なアクアマリン(防具)	447	0			0			0	17	17	0			0			0			0			0			1	-8	-8	0			0			0			0			0			0			0			0			0			0			0			0			0			0			0		
完全に近いアクアマリン(防具)	448	0			0			0	19	19	0			0			0			0			0			1	-9	-9	0			0			0			0			0			0			0			0			0			0			0			0			0			0			0		
完全结晶体のアクアマリン(防具)	449	0			0			0	21	21	0			0			0			0			0			1	-10	-10	0			0			0			0			0			0			0			0			0			0			0			0			0			0			0		
エメラルドの欠片(防具)	450	0			0			0			0			0			0			1	-1	-1	1	1	1	0			0			0			0			0			0			0			0			0			0			0			0			0			0			0			0		
かなり欠けたエメラルド(防具)	451	0			0			0			0			0			0			1	-2	-2	1	2	2	0			0			0			0			0			0			0			0			0			0			0			0			0			0			0			0		
欠けたエメラルド(防具)	452	0			0			0			0			0			0			1	-3	-3	1	3	3	0			0			0			0			0			0			0			0			0			0			0			0			0			0			0			0		
やや欠けたエメラルド(防具)	453	0			0			0			0			0			0			1	-4	-4	1	4	4	0			0			0			0			0			0			0			0			0			0			0			0			0			0			0			0		
エメラルド(防具)	454	0			0			0			0			0			0			1	-5	-5	1	5	5	0			0			0			0			0			0			0			0			0			0			0			0			0			0			0			0		
やや良质なエメラルド(防具)	455	0			0			0			0			0			0			1	-6	-6	1	6	6	0			0			0			0			0			0			0			0			0			0			0			0			0			0			0			0		
良质なエメラルド(防具)	456	0			0			0			0			0			0			1	-7	-7	1	7	7	0			0			0			0			0			0			0			0			0			0			0			0			0			0			0			0		
かなり良质なエメラルド(防具)	457	0			0			0			0			0			0			1	-8	-8	1	8	8	0			0			0			0			0			0			0			0			0			0			0			0			0			0			0			0		
完全に近いエメラルド(防具)	458	0			0			0			0			0			0			1	-9	-9	1	9	9	0			0			0			0			0			0			0			0			0			0			0			0			0			0			0			0		
完全结晶体のエメラルド(防具)	459	0			0			0			0			0			0			1	-10	-10	1	10	10	0			0			0			0			0			0			0			0			0			0			0			0			0			0			0			0		
アメジストの欠片(防具)	460	0			1	4	4	0	1	1	0			0			0			0			0			0			0			0			0			0			0			0			0			0			0			0			0			0			0			0			0		
かなり欠けたアメジスト(防具)	461	0			1	8	8	0	2	2	0			0			0			0			0			0			0			0			0			0			0			0			0			0			0			0			0			0			0			0			0		
欠けたアメジスト(防具)	462	0			1	12	12	0	3	3	0			0			0			0			0			0			0			0			0			0			0			0			0			0			0			0			0			0			0			0			0		
やや欠けたアメジスト(防具)	463	0			1	16	16	0	4	4	0			0			0			0			0			0			0			0			0			0			0			0			0			0			0			0			0			0			0			0			0		
アメジスト(防具)	464	0			1	20	20	0	5	5	0			0			0			0			0			0			0			0			0			0			0			0			0			0			0			0			0			0			0			0			0		
やや良质なアメジスト(防具)	465	0			1	24	24	0	6	6	0			0			0			0			0			0			0			0			0			0			0			0			0			0			0			0			0			0			0			0			0		
良质なアメジスト(防具)	466	0			1	28	28	0	7	7	0			0			0			0			0			0			0			0			0			0			0			0			0			0			0			0			0			0			0			0			0		
かなり良质なアメジスト(防具)	467	0			1	32	32	0	8	8	0			0			0			0			0			0			0			0			0			0			0			0			0			0			0			0			0			0			0			0			0		
完全に近いアメジスト(防具)	468	0			1	36	36	0	9	9	0			0			0			0			0			0			0			0			0			0			0			0			0			0			0			0			0			0			0			0			0		
完全结晶体のアメジスト(防具)	469	0			1	40	40	0	10	10	0			0			0			0			0			0			0			0			0			0			0			0			0			0			0			0			0			0			0			0			0		
オパ`ルの欠片(防具)	470	0			0			0			0			0			0			0			0			0			0			0			1	30	30	0			0			0			0			0			0			0			0			0			0			0			0		
かなり欠けたオパ`ル(防具)	471	0			0			0			0			0			0			0			0			0			0			0			1	35	35	0			0			0			0			0			0			0			0			0			0			0			0		
欠けたオパ`ル(防具)	472	0			0			0			0			0			0			0			0			0			0			0			1	40	40	0			0			0			0			0			0			0			0			0			0			0			0		
やや欠けたオパ`ル(防具)	473	0			0			0			0			0			0			0			0			0			0			0			1	45	45	0			0			0			0			0			0			0			0			0			0			0			0		
オパ`ル(防具)	474	0			0			0			0			0			0			0			0			0			0			0			1	50	50	0			0			0			0			0			0			0			0			0			0			0			0		
やや良质なオパ`ル(防具)	475	0			0			0			0			0			0			0			0			0			0			0			1	55	55	0			0			0			0			0			0			0			0			0			0			0			0		
良质なオパ`ル(防具)	476	0			0			0			0			0			0			0			0			0			0			0			1	60	60	0			0			0			0			0			0			0			0			0			0			0			0		
かなり良质なオパ`ル(防具)	477	0			0			0			0			0			0			0			0			0			0			0			1	65	65	0			0			0			0			0			0			0			0			0			0			0			0		
完全に近いオパ`ル(防具)	478	0			0			0			0			0			0			0			0			0			0			0			1	70	70	0			0			0			0			0			0			0			0			0			0			0			0		
完全结晶体のオパ`ル(防具)	479	0			0			0			0			0			0			0			0			0			0			0			1	75	75	0			0			0			0			0			0			0			0			0			0			0			0		
砂漠の赤星（防具）	480	0	-10	0	0			0			0			0			0			0			0			1	-1	3	1	-1	3	0			0			1	-1	0	0			0			0			0			0			0			0			0			0			0			0		
Qパ`ツ（防具）	490	0	-30	-30	0	60	60	0	60	60	0	60	60	0	60	60	0	60	60	0	30	30	0	60	60	0	60	60	0	60	60	0	60	60	0	60	60	0	60	60	0			0			0	60	60	0	60	60	0	60	60	0	60	60	0	60	60	0	60	60	0			0			0		
Ｏパ`ツ（防具）	491	0	-30	-30	0	20	20	0	20	20	0	20	20	0	20	20	0	20	20	0	10	10	0	20	20	0	20	20	0	20	20	0	20	20	0	20	20	0	20	20	0			0			0	20	20	0	20	20	0	20	20	0	20	20	0	20	20	0	20	20	0			0			0		
超万能长(防具)	492	0	-20	-20	0			0			0			0	15	15	0			0			0			0			0			0			0			0			0			0			0			0			0			0			0			0			0			0			0		
２周年记念?石（防具）	493	0			0	10	10	0	10	10	0	10	10	0	10	10	0	10	10	0	5	5	0	10	10	0	10	10	0	10	10	0	10	10	0	10	10	0	10	10	0			0			0	10	10	0	10	10	0	10	10	0	10	10	0	10	10	0	10	10	0			0			0		
R1ルビ`	500	0	-1	-1	0			0			0			0			1	1	1	0			0			0			0			0			0			0			0			0			0			0			0			0			0			0			0			0			0		
R2ルビ`	501	0	-2	-2	0			0			0			0			1	2	2	0			0			0			0			0			0			0			0			0			0			0			0			0			0			0			0			0			0		
R3ルビ`	502	0	-3	-3	0			0			0			0			1	3	3	0			0			0			0			0			0			0			0			0			0			0			0			0			0			0			0			0			0		
R4ルビ`	503	0	-4	-4	0			0			0			0			1	4	4	0			0			0			0			0			0			0			0			0			0			0			0			0			0			0			0			0			0		
R5ルビ`	504	0	-5	-5	0			0			0			0			1	5	5	0			0			0			0			0			0			0			0			0			0			0			0			0			0			0			0			0			0		
R6ルビ`	505	0	-6	-6	0			0			0			0			1	6	6	0			0			0			0			0			0			0			0			0			0			0			0			0			0			0			0			0			0		
R7ルビ`	506	0	-7	-7	0			0			0			0			1	7	7	0			0			0			0			0			0			0			0			0			0			0			0			0			0			0			0			0			0		
R8ルビ`	507	0	-8	-8	0			0			0			0			1	8	8	0			0			0			0			0			0			0			0			0			0			0			0			0			0			0			0			0			0		
R9ルビ`	508	0	-9	-9	0			0			0			0			1	9	9	0			0			0			0			0			0			0			0			0			0			0			0			0			0			0			0			0			0		
R10ルビ`	509	0	-10	-10	0			0			0			0			1	10	10	0			0			0			0			0			0			0			0			0			0			0			0			0			0			0			0			0			0		
TEST	999	0	1	1	0	1	1	0	1	1	0	1	1	0	1	1	0	1	1	0	1	1	0	1	1	0	1	1	0	1	1	0	1	1	0	1	1	0	1	1	0	1	1	0	1	1	0	1	1	0	1	1	0	1	1	0	1	1	0	1	1	0	1	1	0	1	1	0	1	1	0	1	1
冰原之晶(武器)	1001	0	-20	-20	0			0			0			0			1	10	10	0			0			0			0			0			0			0			0			0			0			0			0			0			0			0			0			0			0		
圣魔石(武器)	1002	0			0			0			0			0			0			0			0			0			0			1	15	15	1	15	15	0			0			0			0			0			0			0			0			0			0			0			0		
钨钢宝石(武器)	1003	0	-10	-10	0	30	30	0			0			0			0			0			0			0			0			0			0			0			0			0			0			0			0			0			0			0			0			0			0		
净界宝石(武器)	1004	1	-5	-5	0			0			0			0			0			0			0			0			0			0			0			0			0			0			1	3	5	0			1	3	5	0			0			0			0			0			0		
浑域宝石(武器)	1005	1	-5	-5	0			0			0			0			0			0			0			0			0			0			0			0			0			0			0			0			0			0			1	3	5	1	3	5	0			0			0		
水龙宝石的碎片(武器)	1006	0	-40	-40	1	70	70	0			1	5	5	0			0			0			0			0			0			0			0			0			0			0			0			0			0			0			0			0			0			0			0		
破损的水龙宝石(武器)	1007	0	-50	-50	1	80	80	0			1	10	10	0			0			0			0			0			0			0			0			0			0			0			0			0			0			0			0			0			0			0			0		
水龙宝石(武器)	1008	0	-60	-60	1	100	100	0			1	15	15	0			0			0			0			0			0			0			0			0			0			0			0			0			0			0			0			0			0			0			0		
优良的水龙宝石(武器)	1009	0	-70	-70	1	120	120	0			1	25	25	0			0			0			0			0			0			0			0			0			0			0			0			0			0			0			0			0			0			0			0		
完美的水龙宝石(武器)	1010	0	-90	-90	1	150	150	0			1	35	35	0			0			0			0			0			0			0			0			0			0			0			0			0			0			0			0			0			0			0			0		
冰原之晶(防具)	2001	0	-20	-20	0			0			0			1	3	3	0			0			0			0			0			0			0			0			0			0			0			0			0			0			0			0			0			0			0		
圣魔石(防具)	2002	0			0			0			1	1	2	0			0			0			0			1	1	3	0			1	10	10	1	10	10	0			0			0			0			0			0			0			0			0			0			0			0		
钨钢宝石(防具)	2003	0	-10	-10	0			0	30	30	0			0			0			0			0			0			0			0			0			0			0			0			0			0			0			0			0			0			0			0			0		
净界宝石(防具)	2004	1	-5	-5	0			0			0			0			0			0			0			0			0			0			0			0			0			0			1	3	5	0			1	3	5	0			0			0			0			0			0		
浑域宝石(防具)	2005	1	-5	-5	0			0			0			0			0			0			0			0			0			0			0			0			0			0			0			0			0			0			1	3	5	1	3	5	0			0			0		
水龙宝石的碎片(防具)	2006	0	-40	-40	0			1	35	35	1	5	5	0			0			0			0			0			0			0			0			0			0			0			0			0			0			0			0			0			0			0			0		
破损的水龙宝石(防具)	2007	0	-50	-50	0			1	45	45	1	5	5	0			0			0			0			0			0			0			0			0			0			0			0			0			0			0			0			0			0			0			0		
水龙宝石(防具)	2008	0	-60	-60	0			1	60	60	1	5	5	0			0			0			0			0			0			0			0			0			0			0			0			0			0			0			0			0			0			0			0		
优良的水龙宝石(防具)	2009	0	-70	-70	0			1	80	80	1	5	5	0			0			0			0			0			0			0			0			0			0			0			0			0			0			0			0			0			0			0			0		
完美的水龙宝石(防具)	2010	0	-90	-90	0			1	100	100	1	5	5	0			0			0			0			0			0			0			0			0			0			0			0			0			0			0			0			0			0			0			0		
冒险之星的碎片(饰品)	4001	0	-3	-3	0			1	1	1	0			0			0			0			0			0			0			0			0			0			0			0			0			0			0			0			0			0			0			0			0		
破损的很严重的冒险之星(饰品)	4002	0	-6	-6	0			1	3	3	0			0			0			0			0			0			0			0			0			0			0			0			0			0			0			0			0			0			0			0			0		
破破的冒险之星(饰品)	4003	0	-9	-9	0			1	5	5	0			0			0			0			0			0			0			0			0			0			0			0			0			0			0			0			0			0			0			0			0		
有点破损的冒险之星	4004	0	-12	-12	0			1	7	7	0			0			0			0			0			0			0			0			0			0			0			0			0			0			0			0			0			0			0			0			0		
冒险之星(饰品)	4005	0	-15	-15	0			1	9	9	0			0			0			0			0			0			0			0			0			0			0			0			0			0			0			0			0			0			0			0			0		
还不错的冒险之星(饰品)	4006	0	-18	-18	0			1	11	11	0			0			0			0			0			0			0			0			0			0			0			0			0			0			0			0			0			0			0			0			0		
优良的冒险之星(饰品)	4007	0	-21	-21	0			1	13	13	0			0			0			0			0			0			0			0			0			0			0			0			0			0			0			0			0			0			0			0			0		
非常优良的冒险之星(饰品)	4008	0	-24	-24	0			1	15	15	0			0			0			0			0			0			0			0			0			0			0			0			0			0			0			0			0			0			0			0			0		
接近完美的冒险之星(饰品)	4009	0	-27	-27	0			1	17	17	0			0			0			0			0			0			0			0			0			0			0			0			0			0			0			0			0			0			0			0			0		
完全结晶体的冒险之星(饰品)	4010	0	-30	-30	0			1	19	19	0			0			0			0			0			0			0			0			0			0			0			0			0			0			0			0			0			0			0			0			0		
石榴石的碎片(饰品)	4011	1	1	1	0			0			0			0			0			0	-10	-10	0			0			0			0			0			0			0			0			0			0			0			0			0			0			0			0			0		
破损的很严重的石榴石(饰品)	4012	1	3	3	0			0			0			0			0			0	-15	-15	0			0			0			0			0			0			0			0			0			0			0			0			0			0			0			0			0		
破破的石榴石(饰品)	4013	1	5	5	0			0			0			0			0			0	-20	-20	0			0			0			0			0			0			0			0			0			0			0			0			0			0			0			0			0		
有点破损的石榴石(饰品)	4014	1	7	7	0			0			0			0			0			0	-25	-25	0			0			0			0			0			0			0			0			0			0			0			0			0			0			0			0			0		
石榴石(饰品)	4015	1	9	9	0			0			0			0			0			0	-30	-30	0			0			0			0			0			0			0			0			0			0			0			0			0			0			0			0			0		
还不错的石榴石(饰品)	4016	1	11	11	0			0			0			0			0			0	-35	-35	0			0			0			0			0			0			0			0			0			0			0			0			0			0			0			0			0		
优良的石榴石(饰品)	4017	1	13	13	0			0			0			0			0			0	-40	-40	0			0			0			0			0			0			0			0			0			0			0			0			0			0			0			0			0		
非常优良的石榴石(饰品)	4018	1	15	15	0			0			0			0			0			0	-45	-45	0			0			0			0			0			0			0			0			0			0			0			0			0			0			0			0			0		
接近完美的石榴石(饰品)	4019	1	17	17	0			0			0			0			0			0	-50	-50	0			0			0			0			0			0			0			0			0			0			0			0			0			0			0			0			0		
完全结晶体的石榴石(饰品)	4020	1	19	19	0			0			0			0			0			0	-55	-55	0			0			0			0			0			0			0			0			0			0			0			0			0			0			0			0			0		
骑士宝石的碎片(饰品)	4021	0			1	-2	-2	0			0			0			0			0			0			1	1	1	0			0			0			0			0			0			0			0			0			0			0			0			0			0			0		
破损的很严重的骑士宝石(饰品)	4022	0			1	-4	-4	0			0			0			0			0			0			1	2	2	0			0			0			0			0			0			0			0			0			0			0			0			0			0			0		
破破的骑士宝石(饰品)	4023	0			1	-6	-6	0			0			0			0			0			0			1	3	3	0			0			0			0			0			0			0			0			0			0			0			0			0			0			0		
有点破损的骑士宝石(饰品)	4024	0			1	-8	-8	0			0			0			0			0			0			1	4	4	0			0			0			0			0			0			0			0			0			0			0			0			0			0			0		
骑士宝石(饰品)	4025	0			1	-10	-10	0			0			0			0			0			0			1	5	5	0			0			0			0			0			0			0			0			0			0			0			0			0			0			0		
还不错的骑士宝石(饰品)	4026	0			1	-12	-12	0			0			0			0			0			0			1	6	6	0			0			0			0			0			0			0			0			0			0			0			0			0			0			0		
优良的骑士宝石(饰品)	4027	0			1	-14	-14	0			0			0			0			0			0			1	7	7	0			0			0			0			0			0			0			0			0			0			0			0			0			0			0		
非常优良的骑士宝石(饰品)	4028	0			1	-16	-16	0			0			0			0			0			0			1	8	8	0			0			0			0			0			0			0			0			0			0			0			0			0			0			0		
接近完美的骑士宝石(饰品)	4029	0			1	-18	-18	0			0			0			0			0			0			1	9	9	0			0			0			0			0			0			0			0			0			0			0			0			0			0			0		
完全结晶体的骑士宝石(饰品)	4030	0			1	-20	-20	0			0			0			0			0			0			1	10	10	0			0			0			0			0			0			0			0			0			0			0			0			0			0			0		
黄宝石的碎片(饰品)	4031	0			0			0	-2	-2	0			0			0			0			1	1	1	0			0			0			0			0			0			0			0			0			0			0			0			0			0			0			0		
破损的很严重的黄宝石(饰品)	4032	0			0			0	-4	-4	0			0			0			0			1	2	2	0			0			0			0			0			0			0			0			0			0			0			0			0			0			0			0		
破破的黄宝石(饰品)	4033	0			0			0	-6	-6	0			0			0			0			1	3	3	0			0			0			0			0			0			0			0			0			0			0			0			0			0			0			0		
有点破损的黄宝石(饰品)	4034	0			0			0	-8	-8	0			0			0			0			1	4	4	0			0			0			0			0			0			0			0			0			0			0			0			0			0			0			0		
黄宝石(饰品)	4035	0			0			0	-10	-10	0			0			0			0			1	5	5	0			0			0			0			0			0			0			0			0			0			0			0			0			0			0			0		
还不错的黄宝石(饰品)	4036	0			0			0	-12	-12	0			0			0			0			1	6	6	0			0			0			0			0			0			0			0			0			0			0			0			0			0			0			0		
优良的黄宝石(饰品)	4037	0			0			0	-14	-14	0			0			0			0			1	7	7	0			0			0			0			0			0			0			0			0			0			0			0			0			0			0			0		
非常优良的黄宝石(饰品)	4038	0			0			0	-16	-16	0			0			0			0			1	8	8	0			0			0			0			0			0			0			0			0			0			0			0			0			0			0			0		
接近完美的黄宝石(饰品)	4039	0			0			0	-18	-18	0			0			0			0			1	9	9	0			0			0			0			0			0			0			0			0			0			0			0			0			0			0			0		
完全结晶体的黄宝石(饰品)	4040	0			0			0	-20	-20	0			0			0			0			1	10	10	0			0			0			0			0			0			0			0			0			0			0			0			0			0			0			0		
蓝宝石的碎片(饰品)	4041	0			1	1	1	0			0			0			0			0			0			0			1	-1	-1	0			0			0			0			0			0			0			0			0			0			0			0			0			0		
破损的很严重的蓝宝石(饰品)	4042	0			1	3	3	0			0			0			0			0			0			0			1	-3	-3	0			0			0			0			0			0			0			0			0			0			0			0			0			0		
破破的蓝宝石(饰品)	4043	0			1	5	5	0			0			0			0			0			0			0			1	-5	-5	0			0			0			0			0			0			0			0			0			0			0			0			0			0		
有点破损的蓝宝石(饰品)	4044	0			1	7	7	0			0			0			0			0			0			0			1	-7	-7	0			0			0			0			0			0			0			0			0			0			0			0			0			0		
蓝宝石(饰品)	4045	0			1	9	9	0			0			0			0			0			0			0			1	-9	-9	0			0			0			0			0			0			0			0			0			0			0			0			0			0		
还不错的蓝宝石(饰品)	4046	0			1	11	11	0			0			0			0			0			0			0			1	-11	-11	0			0			0			0			0			0			0			0			0			0			0			0			0			0		
优良的蓝宝石(饰品)	4047	0			1	13	13	0			0			0			0			0			0			0			1	-13	-13	0			0			0			0			0			0			0			0			0			0			0			0			0			0		
非常优良的蓝宝石(饰品)	4048	0			1	15	15	0			0			0			0			0			0			0			1	-15	-15	0			0			0			0			0			0			0			0			0			0			0			0			0			0		
接近完美的蓝宝石(饰品)	4049	0			1	17	17	0			0			0			0			0			0			0			1	-17	-17	0			0			0			0			0			0			0			0			0			0			0			0			0			0		
完全结晶体的蓝宝石(饰品)	4050	0			1	19	19	0			0			0			0			0			0			0			1	-19	-19	0			0			0			0			0			0			0			0			0			0			0			0			0			0		
绿宝石的碎片(饰品)	4051	0			0			0			0			0			0			1	-1	-1	1	1	1	0			0			0			0			0			0			0			0			0			0			0			0			0			0			0			0		
破损的很严重的绿宝石(饰品)	4052	0			0			0			0			0			0			1	-2	-2	1	2	2	0			0			0			0			0			0			0			0			0			0			0			0			0			0			0			0		
破破的绿宝石(饰品)	4053	0			0			0			0			0			0			1	-3	-3	1	3	3	0			0			0			0			0			0			0			0			0			0			0			0			0			0			0			0		
有点破损的绿宝石(饰品)	4054	0			0			0			0			0			0			1	-4	-4	1	4	4	0			0			0			0			0			0			0			0			0			0			0			0			0			0			0			0		
绿宝石(饰品)	4055	0			0			0			0			0			0			1	-5	-5	1	5	5	0			0			0			0			0			0			0			0			0			0			0			0			0			0			0			0		
还不错的绿宝石(饰品)	4056	0			0			0			0			0			0			1	-6	-6	1	6	6	0			0			0			0			0			0			0			0			0			0			0			0			0			0			0			0		
优良的绿宝石(饰品)	4057	0			0			0			0			0			0			1	-7	-7	1	7	7	0			0			0			0			0			0			0			0			0			0			0			0			0			0			0			0		
非常优良的绿宝石(饰品)	4058	0			0			0			0			0			0			1	-8	-8	1	8	8	0			0			0			0			0			0			0			0			0			0			0			0			0			0			0			0		
接近完美的绿宝石(饰品)	4059	0			0			0			0			0			0			1	-9	-9	1	9	9	0			0			0			0			0			0			0			0			0			0			0			0			0			0			0			0		
完全结晶体的绿宝石(饰品)	4060	0			0			0			0			0			0			1	-10	-10	1	10	10	0			0			0			0			0			0			0			0			0			0			0			0			0			0			0			0		
紫水晶的碎片(饰品)	4061	0			1	4	4	1	4	4	0			0			0			0			0			0			0			0			0			0			0			0			0			0			0			0			0			0			0			0			0		
破损的很严重的紫水晶(饰品)	4062	0			1	8	8	1	8	8	0			0			0			0			0			0			0			0			0			0			0			0			0			0			0			0			0			0			0			0			0		
破破的紫水晶(饰品)	4063	0			1	12	12	1	12	12	0			0			0			0			0			0			0			0			0			0			0			0			0			0			0			0			0			0			0			0			0		
有点破损的紫水晶(饰品)	4064	0			1	16	16	1	16	16	0			0			0			0			0			0			0			0			0			0			0			0			0			0			0			0			0			0			0			0			0		
紫水晶(饰品)	4065	0			1	20	20	1	20	20	0			0			0			0			0			0			0			0			0			0			0			0			0			0			0			0			0			0			0			0			0		
还不错的紫水晶(饰品)	4066	0			1	24	24	1	24	24	0			0			0			0			0			0			0			0			0			0			0			0			0			0			0			0			0			0			0			0			0		
优良的紫水晶(饰品)	4067	0			1	28	28	1	28	28	0			0			0			0			0			0			0			0			0			0			0			0			0			0			0			0			0			0			0			0			0		
非常优良的紫水晶(饰品)	4068	0			1	32	32	1	32	32	0			0			0			0			0			0			0			0			0			0			0			0			0			0			0			0			0			0			0			0			0		
接近完美的紫水晶(饰品)	4069	0			1	36	36	1	36	36	0			0			0			0			0			0			0			0			0			0			0			0			0			0			0			0			0			0			0			0			0		
完全结晶体的紫水晶(饰品)	4070	0			1	40	40	1	40	40	0			0			0			0			0			0			0			0			0			0			0			0			0			0			0			0			0			0			0			0			0		
红宝石的碎片(饰品)	4071	0	-5	-5	0			0			0			0			1	1	1	0			0			0			0			0			0			0			0			0			0			0			0			0			0			0			0			0			0		
破损的很严重的红宝石(饰品)	4072	0	-7	-7	0			0			0			0			1	2	2	0			0			0			0			0			0			0			0			0			0			0			0			0			0			0			0			0			0		
破破的红宝石(饰品)	4073	0	-9	-9	0			0			0			0			1	3	3	0			0			0			0			0			0			0			0			0			0			0			0			0			0			0			0			0			0		
有点破损的红宝石(饰品)	4074	0	-11	-11	0			0			0			0			1	4	4	0			0			0			0			0			0			0			0			0			0			0			0			0			0			0			0			0			0		
红宝石(饰品)	4075	0	-13	-13	0			0			0			0			1	5	5	0			0			0			0			0			0			0			0			0			0			0			0			0			0			0			0			0			0		
还不错的红宝石(饰品)	4076	0	-15	-15	0			0			0			0			1	6	6	0			0			0			0			0			0			0			0			0			0			0			0			0			0			0			0			0			0		
优良的红宝石(饰品)	4077	0	-17	-17	0			0			0			0			1	7	7	0			0			0			0			0			0			0			0			0			0			0			0			0			0			0			0			0			0		
非常优良的红宝石(饰品)	4078	0	-19	-19	0			0			0			0			1	8	8	0			0			0			0			0			0			0			0			0			0			0			0			0			0			0			0			0			0		
接近完全的红宝石(饰品)	4079	0	-21	-21	0			0			0			0			1	9	9	0			0			0			0			0			0			0			0			0			0			0			0			0			0			0			0			0			0		
完全结晶体的红宝石(饰品)	4080	0	-23	-23	0			0			0			0			1	10	10	0			0			0			0			0			0			0			0			0			0			0			0			0			0			0			0			0			0		
深蓝宝石的碎片(饰品)	4081	0			1	3	3	0			1	-3	-3	0			0			0			0			0			0			0			0			0			0			0			0			0			0			0			0			0			0			0			0		
破损的很严重的深蓝宝石(饰品)	4082	0			1	6	6	0			1	-6	-6	0			0			0			0			0			0			0			0			0			0			0			0			0			0			0			0			0			0			0			0		
破破的深蓝宝石(饰品)	4083	0			1	9	9	0			1	-9	-9	0			0			0			0			0			0			0			0			0			0			0			0			0			0			0			0			0			0			0			0		
有点破损的深蓝宝石(饰品)	4084	0			1	12	12	0			1	-12	-12	0			0			0			0			0			0			0			0			0			0			0			0			0			0			0			0			0			0			0			0		
深蓝宝石(饰品)	4085	0			1	15	15	0			1	-15	-15	0			0			0			0			0			0			0			0			0			0			0			0			0			0			0			0			0			0			0			0		
还不错的深蓝宝石(饰品)	4086	0			1	18	18	0			1	-18	-18	0			0			0			0			0			0			0			0			0			0			0			0			0			0			0			0			0			0			0			0		
优良的深蓝宝石(饰品)	4087	0			1	21	21	0			1	-21	-21	0			0			0			0			0			0			0			0			0			0			0			0			0			0			0			0			0			0			0			0		
非常优良的深蓝宝石(饰品)	4088	0			1	24	24	0			1	-24	-24	0			0			0			0			0			0			0			0			0			0			0			0			0			0			0			0			0			0			0			0		
接近完美深蓝宝石(饰品)	4089	0			1	27	27	0			1	-27	-27	0			0			0			0			0			0			0			0			0			0			0			0			0			0			0			0			0			0			0			0		
完全结晶体的深蓝宝石(饰品)	4090	0			1	30	30	0			1	-30	-30	0			0			0			0			0			0			0			0			0			0			0			0			0			0			0			0			0			0			0			0		
黄水晶的碎片(饰品)	4091	0			0			0			1	-3	-3	1	1	1	0			0			0			0			0			0			0			0			0			0			0			0			0			0			0			0			0			0			0		
破损的很严重的黄水晶(饰品)	4092	0			0			0			1	-6	-6	1	2	2	0			0			0			0			0			0			0			0			0			0			0			0			0			0			0			0			0			0			0		
破破的黄水晶(饰品)	4093	0			0			0			1	-9	-9	1	3	3	0			0			0			0			0			0			0			0			0			0			0			0			0			0			0			0			0			0			0		
有点破损的黄水晶(饰品)	4094	0			0			0			1	-12	-12	1	4	4	0			0			0			0			0			0			0			0			0			0			0			0			0			0			0			0			0			0			0		
黄水晶(饰品)	4095	0			0			0			1	-15	-15	1	5	5	0			0			0			0			0			0			0			0			0			0			0			0			0			0			0			0			0			0			0		
还不错的黄水晶(饰品)	4096	0			0			0			1	-18	-18	1	6	6	0			0			0			0			0			0			0			0			0			0			0			0			0			0			0			0			0			0			0		
优良的黄水晶(饰品)	4097	0			0			0			1	-21	-21	1	7	7	0			0			0			0			0			0			0			0			0			0			0			0			0			0			0			0			0			0			0		
非常优良的黄水晶(饰品)	4098	0			0			0			1	-24	-24	1	8	8	0			0			0			0			0			0			0			0			0			0			0			0			0			0			0			0			0			0			0		
接近完美黄水晶(饰品)	4099	0			0			0			1	-27	-27	1	9	9	0			0			0			0			0			0			0			0			0			0			0			0			0			0			0			0			0			0			0		
完全结晶体的黄水晶(饰品)	4100	0			0			0			1	-30	-30	1	10	10	0			0			0			0			0			0			0			0			0			0			0			0			0			0			0			0			0			0			0		
赛黄晶的碎片(饰品)	4101	0			1	-2	-2	0			0			0			0			0			0			0			1	1	1	0			0			0			0			0			0			0			0			0			0			0			0			0			0		
破损的很严重的赛黄晶(饰品)	4102	0			1	-4	-4	0			0			0			0			0			0			0			1	2	2	0			0			0			0			0			0			0			0			0			0			0			0			0			0		
破破的赛黄晶(饰品)	4103	0			1	-6	-6	0			0			0			0			0			0			0			1	3	3	0			0			0			0			0			0			0			0			0			0			0			0			0			0		
有点破损的赛黄晶(饰品)	4104	0			1	-8	-8	0			0			0			0			0			0			0			1	4	4	0			0			0			0			0			0			0			0			0			0			0			0			0			0		
赛黄晶(饰品)	4105	0			1	-10	-10	0			0			0			0			0			0			0			1	5	5	0			0			0			0			0			0			0			0			0			0			0			0			0			0		
还不错的赛黄晶(饰品)	4106	0			1	-12	-12	0			0			0			0			0			0			0			1	6	6	0			0			0			0			0			0			0			0			0			0			0			0			0			0		
优良的赛黄晶(饰品)	4107	0			1	-14	-14	0			0			0			0			0			0			0			1	7	7	0			0			0			0			0			0			0			0			0			0			0			0			0			0		
非常优良的赛黄晶(饰品)	4108	0			1	-16	-16	0			0			0			0			0			0			0			1	8	8	0			0			0			0			0			0			0			0			0			0			0			0			0			0		
接近完美赛黄晶(饰品)	4109	0			1	-18	-18	0			0			0			0			0			0			0			1	9	9	0			0			0			0			0			0			0			0			0			0			0			0			0			0		
完全结晶体的赛黄晶(饰品)	4110	0			1	-20	-20	0			0			0			0			0			0			0			1	10	10	0			0			0			0			0			0			0			0			0			0			0			0			0			0		
锰红柱石的碎片(饰品)	4111	0			1	-1	-1	0			0			0			0			0			1	1	1	0			0			0			0			0			0			0			0			0			0			0			0			0			0			0			0		
破损的很严重的锰红柱石(饰品)	4112	0			1	-2	-2	0			0			0			0			0			1	2	2	0			0			0			0			0			0			0			0			0			0			0			0			0			0			0			0		
破破的锰红柱石(饰品)	4113	0			1	-3	-3	0			0			0			0			0			1	3	3	0			0			0			0			0			0			0			0			0			0			0			0			0			0			0			0		
有点破损的锰红柱石(饰品)	4114	0			1	-4	-4	0			0			0			0			0			1	4	4	0			0			0			0			0			0			0			0			0			0			0			0			0			0			0			0		
锰红柱石(饰品)	4115	0			1	-5	-5	0			0			0			0			0			1	5	5	0			0			0			0			0			0			0			0			0			0			0			0			0			0			0			0		
还不错的锰红柱石(饰品)	4116	0			1	-6	-6	0			0			0			0			0			1	6	6	0			0			0			0			0			0			0			0			0			0			0			0			0			0			0			0		
优良的锰红柱石(饰品)	4117	0			1	-7	-7	0			0			0			0			0			1	7	7	0			0			0			0			0			0			0			0			0			0			0			0			0			0			0			0		
非常优良的锰红柱石(饰品)	4118	0			1	-8	-8	0			0			0			0			0			1	8	8	0			0			0			0			0			0			0			0			0			0			0			0			0			0			0			0		
接近完美锰红柱石(饰品)	4119	0			1	-9	-9	0			0			0			0			0			1	9	9	0			0			0			0			0			0			0			0			0			0			0			0			0			0			0			0		
完全结晶体的锰红柱石(饰品)	4120	0			1	-10	-10	0			0			0			0			0			1	10	10	0			0			0			0			0			0			0			0			0			0			0			0			0			0			0			0		
橄榄石的碎片(饰品)	4121	0			0			0			0			0			0			1	-1	-1	1	1	1	0			0			0			0			0			0			0			0			0			0			0			0			0			0			0			0		
破损的很严重的橄榄石(饰品)	4122	0			0			0			0			0			0			1	-2	-2	1	2	2	0			0			0			0			0			0			0			0			0			0			0			0			0			0			0			0		
破破的橄榄石(饰品)	4123	0			0			0			0			0			0			1	-3	-3	1	3	3	0			0			0			0			0			0			0			0			0			0			0			0			0			0			0			0		
有点破损的橄榄石(饰品)	4124	0			0			0			0			0			0			1	-4	-4	1	4	4	0			0			0			0			0			0			0			0			0			0			0			0			0			0			0			0		
橄榄石(饰品)	4125	0			0			0			0			0			0			1	-5	-5	1	5	5	0			0			0			0			0			0			0			0			0			0			0			0			0			0			0			0		
还不错的橄榄石(饰品)	4126	0			0			0			0			0			0			1	-6	-6	1	6	6	0			0			0			0			0			0			0			0			0			0			0			0			0			0			0			0		
优良的橄榄石(饰品)	4127	0			0			0			0			0			0			1	-7	-7	1	7	7	0			0			0			0			0			0			0			0			0			0			0			0			0			0			0			0		
非常优良的橄榄石(饰品)	4128	0			0			0			0			0			0			1	-8	-8	1	8	8	0			0			0			0			0			0			0			0			0			0			0			0			0			0			0			0		
接近完美橄榄石(饰品)	4129	0			0			0			0			0			0			1	-9	-9	1	9	9	0			0			0			0			0			0			0			0			0			0			0			0			0			0			0			0		
完全结晶体的橄榄石(饰品)	4130	0			0			0			0			0			0			1	-10	-10	1	10	10	0			0			0			0			0			0			0			0			0			0			0			0			0			0			0			0		
尖晶石的碎片(饰品)	4131	0	-1	-1	0			0			1	3	3	0			0			0			0			0			0			0			0			0			0			0			0			0			0			0			0			0			0			0			0		
破损的很严重的尖晶石(饰品)	4132	0	-2	-2	0			0			1	6	6	0			0			0			0			0			0			0			0			0			0			0			0			0			0			0			0			0			0			0			0		
破破的尖晶石(饰品)	4133	0	-3	-3	0			0			1	9	9	0			0			0			0			0			0			0			0			0			0			0			0			0			0			0			0			0			0			0			0		
有点破损的尖晶石(饰品)	4134	0	-4	-4	0			0			1	12	12	0			0			0			0			0			0			0			0			0			0			0			0			0			0			0			0			0			0			0			0		
尖晶石(饰品)	4135	0	-5	-5	0			0			1	15	15	0			0			0			0			0			0			0			0			0			0			0			0			0			0			0			0			0			0			0			0		
还不错的尖晶石(饰品)	4136	0	-6	-6	0			0			1	18	18	0			0			0			0			0			0			0			0			0			0			0			0			0			0			0			0			0			0			0			0		
优良的尖晶石(饰品)	4137	0	-7	-7	0			0			1	21	21	0			0			0			0			0			0			0			0			0			0			0			0			0			0			0			0			0			0			0			0		
非常优良的尖晶石(饰品)	4138	0	-8	-8	0			0			1	24	24	0			0			0			0			0			0			0			0			0			0			0			0			0			0			0			0			0			0			0			0		
接近完美尖晶石(饰品)	4139	0	-9	-9	0			0			1	27	27	0			0			0			0			0			0			0			0			0			0			0			0			0			0			0			0			0			0			0			0		
完全结晶体的尖晶石(饰品)	4140	0	-10	-10	0			0			1	30	30	0			0			0			0			0			0			0			0			0			0			0			0			0			0			0			0			0			0			0			0		
青石的碎片	4141	0			0			0			0			0			0			0			0			1	-1	-1	1	1	1	0			0			0			0			0			0			0			0			0			0			0			0			0			0		
破损的很严重的青石(饰品)	4142	0			0			0			0			0			0			0			0			1	-2	-2	1	2	2	0			0			0			0			0			0			0			0			0			0			0			0			0			0		
破破的青石(饰品)	4143	0			0			0			0			0			0			0			0			1	-3	-3	1	3	3	0			0			0			0			0			0			0			0			0			0			0			0			0			0		
有点破损的青石(饰品)	4144	0			0			0			0			0			0			0			0			1	-4	-4	1	4	4	0			0			0			0			0			0			0			0			0			0			0			0			0			0		
青石(饰品)	4145	0			0			0			0			0			0			0			0			1	-5	-5	1	5	5	0			0			0			0			0			0			0			0			0			0			0			0			0			0		
还不错的青石(饰品)	4146	0			0			0			0			0			0			0			0			1	-6	-6	1	6	6	0			0			0			0			0			0			0			0			0			0			0			0			0			0		
优良的青石(饰品)	4147	0			0			0			0			0			0			0			0			1	-7	-7	1	7	7	0			0			0			0			0			0			0			0			0			0			0			0			0			0		
非常优良的青石(饰品)	4148	0			0			0			0			0			0			0			0			1	-8	-8	1	8	8	0			0			0			0			0			0			0			0			0			0			0			0			0			0		
接近完美青石(饰品)	4149	0			0			0			0			0			0			0			0			1	-9	-9	1	9	9	0			0			0			0			0			0			0			0			0			0			0			0			0			0		
完全结晶体的青石(饰品)	4150	0			0			0			0			0			0			0			0			1	-10	-10	1	10	10	0			0			0			0			0			0			0			0			0			0			0			0			0			0		
珍珠的碎片(饰品)	4151	1	-5	-5	0			0			0			0			0			0			0			0			0			1	30	30	0			0			0			0			0			0			0			0			0			0			0			0			0		
破损的很严重的珍珠(饰品)	4152	1	-10	-10	0			0			0			0			0			0			0			0			0			1	40	40	0			0			0			0			0			0			0			0			0			0			0			0			0		
破破的珍珠(饰品)	4153	1	-15	-15	0			0			0			0			0			0			0			0			0			1	50	50	0			0			0			0			0			0			0			0			0			0			0			0			0		
有点破损的珍珠(饰品)	4154	1	-20	-20	0			0			0			0			0			0			0			0			0			1	60	60	0			0			0			0			0			0			0			0			0			0			0			0			0		
珍珠(饰品)	4155	1	-25	-25	0			0			0			0			0			0			0			0			0			1	70	70	0			0			0			0			0			0			0			0			0			0			0			0			0		
还不错的珍珠(饰品)	4156	1	-30	-30	0			0			0			0			0			0			0			0			0			1	80	80	0			0			0			0			0			0			0			0			0			0			0			0			0		
优良的珍珠(饰品)	4157	1	-35	-35	0			0			0			0			0			0			0			0			0			1	90	90	0			0			0			0			0			0			0			0			0			0			0			0			0		
非常优良的珍珠(饰品)	4158	1	-40	-40	0			0			0			0			0			0			0			0			0			1	100	100	0			0			0			0			0			0			0			0			0			0			0			0			0		
接近完美珍珠(饰品)	4159	1	-45	-45	0			0			0			0			0			0			0			0			0			1	110	110	0			0			0			0			0			0			0			0			0			0			0			0			0		
完全结晶体的珍珠(饰品)	4160	1	-50	-50	0			0			0			0			0			0			0			0			0			1	120	120	0			0			0			0			0			0			0			0			0			0			0			0			0		
石英的碎片(饰品)	4161	0			0			0			0			0			0			0			0			0			0			0			0			0			0			1	1	1	0			0			0			0			0			0			0			0			0		
破损的很严重的石英(饰品)	4162	0			0			0			0			0			0			0			0			0			0			0			0			0			0			1	2	2	0			0			0			0			0			0			0			0			0		
破破的石英(饰品)	4163	0			0			0			0			0			0			0			0			0			0			0			0			0			0			1	3	3	0			0			0			0			0			0			0			0			0		
有点破损的石英(饰品)	4164	0			0			0			0			0			0			0			0			0			0			0			0			0			0			1	4	4	0			0			0			0			0			0			0			0			0		
石英(饰品)	4165	0			0			0			0			0			0			0			0			0			0			0			0			0			0			1	5	5	0			0			0			0			0			0			0			0			0		
还不错的石英(饰品)	4166	0			0			0			0			0			0			0			0			0			0			0			0			0			0			1	6	6	0			0			0			0			0			0			0			0			0		
优良的石英(饰品)	4167	0			0			0			0			0			0			0			0			0			0			0			0			0			0			1	7	7	0			0			0			0			0			0			0			0			0		
非常优良的石英(饰品)	4168	0			0			0			0			0			0			0			0			0			0			0			0			0			0			1	8	8	0			0			0			0			0			0			0			0			0		
接近完美石英(饰品)	4169	0			0			0			0			0			0			0			0			0			0			0			0			0			0			1	9	9	0			0			0			0			0			0			0			0			0		
完全结晶体的石英(饰品)	4170	0			0			0			0			0			0			0			0			0			0			0			0			0			0			1	10	10	0			0			0			0			0			0			0			0			0		
玻陨石的碎片(饰品)	4171	0			0			0			0			0			0			0			0			0			0			0			0			0			0			0			0			1	4	4	0			0			1	-4	-4	0			0			0			0		
破损的很严重的玻陨石(饰品)	4172	0			0			0			0			0			0			0			0			0			0			0			0			0			0			0			0			1	8	8	0			0			1	-8	-8	0			0			0			0		
破破的玻陨石(饰品)	4173	0			0			0			0			0			0			0			0			0			0			0			0			0			0			0			0			1	12	12	0			0			1	-12	-12	0			0			0			0		
有点破损的玻陨石	4174	0			0			0			0			0			0			0			0			0			0			0			0			0			0			0			0			1	16	16	0			0			1	-16	-16	0			0			0			0		
玻陨石(饰品)	4175	0			0			0			0			0			0			0			0			0			0			0			0			0			0			0			0			1	20	20	0			0			1	-20	-20	0			0			0			0		
还不错的玻陨石(饰品)	4176	0			0			0			0			0			0			0			0			0			0			0			0			0			0			0			0			1	24	24	0			0			1	-24	-24	0			0			0			0		
优良的玻陨石(饰品)	4177	0			0			0			0			0			0			0			0			0			0			0			0			0			0			0			0			1	28	28	0			0			1	-28	-28	0			0			0			0		
非常优良的玻陨石(饰品)	4178	0			0			0			0			0			0			0			0			0			0			0			0			0			0			0			0			1	32	32	0			0			1	-32	-32	0			0			0			0		
接近完美玻陨石(饰品)	4179	0			0			0			0			0			0			0			0			0			0			0			0			0			0			0			0			1	36	36	0			0			1	-36	-36	0			0			0			0		
完全结晶体的玻陨石(饰品)	4180	0			0			0			0			0			0			0			0			0			0			0			0			0			0			0			0			1	40	40	0			0			1	-40	-40	0			0			0			0		
黑玉的碎片(饰品)	4181	0			0			0			0			0			0			0			0			0			0			0			0			0			0			0			0			0			1	-4	-4	0			1	4	4	0			0			0			0		
破损的很严重的黑玉(饰品)	4182	0			0			0			0			0			0			0			0			0			0			0			0			0			0			0			0			0			1	-8	-8	0			1	8	8	0			0			0			0		
破破的黑玉(饰品)	4183	0			0			0			0			0			0			0			0			0			0			0			0			0			0			0			0			0			1	-12	-12	0			1	12	12	0			0			0			0		
有点破损的黑玉(饰品)	4184	0			0			0			0			0			0			0			0			0			0			0			0			0			0			0			0			0			1	-16	-16	0			1	16	16	0			0			0			0		
黑玉(饰品)	4185	0			0			0			0			0			0			0			0			0			0			0			0			0			0			0			0			0			1	-20	-20	0			1	20	20	0			0			0			0		
还不错的黑玉(饰品)	4186	0			0			0			0			0			0			0			0			0			0			0			0			0			0			0			0			0			1	-24	-24	0			1	24	24	0			0			0			0		
优良的黑玉(饰品)	4187	0			0			0			0			0			0			0			0			0			0			0			0			0			0			0			0			0			1	-28	-28	0			1	28	28	0			0			0			0		
非常优良的黑玉(饰品)	4188	0			0			0			0			0			0			0			0			0			0			0			0			0			0			0			0			0			1	-32	-32	0			1	32	32	0			0			0			0		
接近完美黑玉(饰品)	4189	0			0			0			0			0			0			0			0			0			0			0			0			0			0			0			0			0			1	-36	-36	0			1	36	36	0			0			0			0		
完全结晶体的黑玉(饰品)	4190	0			0			0			0			0			0			0			0			0			0			0			0			0			0			0			0			0			1	-40	-40	0			1	40	40	0			0			0			0		
锡石的碎片(饰品)	4191	0			0			0			0			0			0			0			0			0			0			0			0			0			0			0			0			1	-4	-4	1	4	4	0			0			0			0			0			0		
破损的很严重的锡石(饰品)	4192	0			0			0			0			0			0			0			0			0			0			0			0			0			0			0			0			1	-8	-8	1	8	8	0			0			0			0			0			0		
破破的锡石(饰品)	4193	0			0			0			0			0			0			0			0			0			0			0			0			0			0			0			0			1	-12	-12	1	12	12	0			0			0			0			0			0		
有点破损的锡石(饰品)	4194	0			0			0			0			0			0			0			0			0			0			0			0			0			0			0			0			1	-16	-16	1	16	16	0			0			0			0			0			0		
锡石(饰品)	4195	0			0			0			0			0			0			0			0			0			0			0			0			0			0			0			0			1	-20	-20	1	20	20	0			0			0			0			0			0		
还不错的锡石(饰品)	4196	0			0			0			0			0			0			0			0			0			0			0			0			0			0			0			0			1	-24	-24	1	24	24	0			0			0			0			0			0		
优良的锡石(饰品)	4197	0			0			0			0			0			0			0			0			0			0			0			0			0			0			0			0			1	-28	-28	1	28	28	0			0			0			0			0			0		
非常优良的锡石(饰品)	4198	0			0			0			0			0			0			0			0			0			0			0			0			0			0			0			0			1	-32	-32	1	32	32	0			0			0			0			0			0		
接近完美锡石(饰品)	4199	0			0			0			0			0			0			0			0			0			0			0			0			0			0			0			0			1	-36	-36	1	36	36	0			0			0			0			0			0		
完全结晶体的锡石(饰品)	4200	0			0			0			0			0			0			0			0			0			0			0			0			0			0			0			0			1	-40	-40	1	40	40	0			0			0			0			0			0		
蛋白石的碎片(饰品)	4201	1	-5	-5	0			0			0			0			0			0			0			0			0			0			1	30	30	0			0			0			0			0			0			0			0			0			0			0			0		
破损的很严重的蛋白石(饰品)	4202	1	-10	-10	0			0			0			0			0			0			0			0			0			0			1	40	40	0			0			0			0			0			0			0			0			0			0			0			0		
破破的蛋白石(饰品)	4203	1	-15	-15	0			0			0			0			0			0			0			0			0			0			1	50	50	0			0			0			0			0			0			0			0			0			0			0			0		
有点破损的蛋白石(饰品)	4204	1	-20	-20	0			0			0			0			0			0			0			0			0			0			1	60	60	0			0			0			0			0			0			0			0			0			0			0			0		
蛋白石(饰品)	4205	1	-25	-25	0			0			0			0			0			0			0			0			0			0			1	70	70	0			0			0			0			0			0			0			0			0			0			0			0		
还不错的蛋白石(饰品)	4206	1	-30	-30	0			0			0			0			0			0			0			0			0			0			1	80	80	0			0			0			0			0			0			0			0			0			0			0			0		
优良的蛋白石(饰品)	4207	1	-35	-35	0			0			0			0			0			0			0			0			0			0			1	90	90	0			0			0			0			0			0			0			0			0			0			0			0		
非常优良的蛋白石(饰品)	4208	1	-40	-40	0			0			0			0			0			0			0			0			0			0			1	100	100	0			0			0			0			0			0			0			0			0			0			0			0		
接近完美蛋白石(饰品)	4209	1	-45	-45	0			0			0			0			0			0			0			0			0			0			1	110	110	0			0			0			0			0			0			0			0			0			0			0			0		
完全结晶体的蛋白石(饰品)	4210	1	-50	-50	0			0			0			0			0			0			0			0			0			0			1	120	120	0			0			0			0			0			0			0			0			0			0			0			0		
鼠王宝石的碎片(武器)	4211	1	30	30	1	30	30	1	30	30	1	30	30	1	30	30	0			1	30	30	1	30	30	1	30	30	0			0			0			0			0			0			0			0			0			0			0			0			0			0			0		
鼠王宝石的碎片(防具)	4212	1	30	30	1	30	30	1	30	30	1	30	30	1	30	30	0			1	30	30	1	30	30	1	30	30	0			0			0			0			0			0			0			0			0			0			0			0			0			0			0		
鼠王宝石的碎片(饰品)	4213	1	30	30	1	30	30	1	30	30	1	30	30	1	30	30	0			1	30	30	1	30	30	1	30	30	0			0			0			0			0			0			0			0			0			0			0			0			0			0			0		
冰原之晶(饰品)	4214	1	-10	-10	0			0			0			0			1	3	10	0			0			0			0			0			0			0			0			0			0			0			0			0			0			0			0			0			0		
圣魔石(饰品)	4215	0			0			0			0			0			0			0			0			0			0			1	15	15	1	15	15	0			0			0			0			0			0			0			0			0			0			0			0		
净界宝石(饰品)	4216	0			0			0			0			0			0			0			0			0			0			0			0			0			0			0			1	3	5	0			1	3	5	0			0			0			0			0			0		
浑域宝石(饰品)	4217	0			0			0			0			0			0			0			0			0			0			0			0			0			0			0			0			0			0			0			1	3	5	1	3	5	0			0			0		
完美的水龙宝石(饰品)	4218	0	-90	-90	1	100	100	1	100	100	0			0			0			0			0			0			0			0			0			0			0			0			0			0			0			0			0			0			0			0			0		
钨钢宝石(饰品)	4219	0			0	30	30	0	-30	-30	0			0			0			0			0			0			0			0			0			0			0			0			0			0			0			0			0			0			0			0			0		
Q零件(饰品)	4220	0	-30	-30	0	60	60	0	60	60	0	60	60	0	60	60	0	60	60	0	30	30	0	60	60	0	60	60	0	60	60	0	60	60	0	60	60	0	60	60	0			0			0	60	60	0	60	60	0	60	60	0	60	60	0	60	60	0	60	60	0			0			0		
O零件(饰品)	4221	0	-30	-30	0	20	20	0	20	20	0	20	20	0	20	20	0	20	20	0	10	10	0	20	20	0	20	20	0	20	20	0	20	20	0	20	20	0	20	20	0			0			0	20	20	0	20	20	0	20	20	0	20	20	0	20	20	0	20	20	0			0			0		
流星(饰品)	4222	0			1	3	3	0			0			0			0			1	3	3	0			0			0			0			0			0			0			0			0			0			0			0			0			0			0			0			0		
猫眼石(饰品)	4223	0			0			0			0			0			0			0			0			0			0			0			1	30	30	0			0			0			0			0			0			0			0			0			0			0			0		
砂漠的红星(饰品)	4224	0	-15	-5	0			0			0			0			0			1	-1	5	1	-1	5	0			0			0			0			1	-1	0	0			0			0			0			0			0			0			0			0			0			0		
黑水(饰品)	4225	0			0	10	10	0	10	10	0	10	10	0	10	10	0	10	10	0	5	5	0	10	10	0	10	10	0	10	10	0	10	10	0	10	10	0	10	10	0			0			0	10	10	0	10	10	0	10	10	0	10	10	0	10	10	0	10	10	0			0			0		
超万能长葱(饰品)	4226	0	-20	-20	0	15	15	0			0			0			0			0			0			0			0			0			0			0			0			0			0			0			0			0			0			0			0			0			0		
纪念宝石(饰品)	4227	0			0	10	10	0	10	10	0	10	10	0	10	10	0	10	10	0	5	5	0	10	10	0	10	10	0	10	10	0	10	10	0	10	10	0	10	10	0			0			0	10	10	0	10	10	0	10	10	0	10	10	0	10	10	0	10	10	0			0			0		
破损的很严重的鼠王宝石(武器）	4228	1	35	35	1	35	35	1	35	35	1	35	35	1	35	35	0			1	35	35	1	35	35	1	35	35	0			0			0			0			0			0			0			0			0			0			0			0			0			0			0		
破损的很严重的鼠王宝石(防具）	4229	1	35	35	1	35	35	1	35	35	1	35	35	1	35	35	0			1	35	35	1	35	35	1	35	35	0			0			0			0			0			0			0			0			0			0			0			0			0			0			0		
破损的很严重的鼠王宝石(饰品）	4230	1	35	35	1	35	35	1	35	35	1	35	35	1	35	35	0			1	35	35	1	35	35	1	35	35	0			0			0			0			0			0			0			0			0			0			0			0			0			0			0		
破损的很严重的猫眼石(武器)	4231	0			0			0			0			0			0			0			0			0			0			0			1	60	60	0			0			0			0			0			0			0			0			0			0			0			0		
破破的猫眼石(武器)	4232	0			0			0			0			0			0			0			0			0			0			0			1	90	90	0			0			0			0			0			0			0			0			0			0			0			0		
有点破损的猫眼石(武器)	4233	0			0			0			0			0			0			0			0			0			0			0			1	120	120	0			0			0			0			0			0			0			0			0			0			0			0		
猫眼石卡片(武器)	4234	0			0			0			0			0			0			0			0			0			0			0			1	150	150	0			0			0			0			0			0			0			0			0			0			0			0		
还不错的猫眼石(武器)	4235	0			0			0			0			0			0			0			0			0			0			0			1	180	180	0			0			0			0			0			0			0			0			0			0			0			0		
优良的猫眼石(武器)	4236	0			0			0			0			0			0			0			0			0			0			0			1	210	210	0			0			0			0			0			0			0			0			0			0			0			0		
非常优良的猫眼石(武器)	4237	0			0			0			0			0			0			0			0			0			0			0			1	240	240	0			0			0			0			0			0			0			0			0			0			0			0		
接近完全的猫眼石(武器)	4238	0			0			0			0			0			0			0			0			0			0			0			1	270	270	0			0			0			0			0			0			0			0			0			0			0			0		
完全结晶体的猫眼石(武器)	4239	0			0			0			0			0			0			0			0			0			0			0			1	300	300	0			0			0			0			0			0			0			0			0			0			0			0		
破损的很严重的猫眼石(防具)	4240	0			0			0			0			0			0			0			0			0			0			0			1	60	60	0			0			0			0			0			0			0			0			0			0			0			0		
破破的猫眼石(防具)	4241	0			0			0			0			0			0			0			0			0			0			0			1	90	90	0			0			0			0			0			0			0			0			0			0			0			0		
有点破损的猫眼石(防具)	4242	0			0			0			0			0			0			0			0			0			0			0			1	120	120	0			0			0			0			0			0			0			0			0			0			0			0		
猫眼石卡片(防具)	4243	0			0			0			0			0			0			0			0			0			0			0			1	150	150	0			0			0			0			0			0			0			0			0			0			0			0		
还不错的猫眼石(防具)	4244	0			0			0			0			0			0			0			0			0			0			0			1	180	180	0			0			0			0			0			0			0			0			0			0			0			0		
优良的猫眼石(防具)	4245	0			0			0			0			0			0			0			0			0			0			0			1	210	210	0			0			0			0			0			0			0			0			0			0			0			0		
非常优良的猫眼石(防具)	4246	0			0			0			0			0			0			0			0			0			0			0			1	240	240	0			0			0			0			0			0			0			0			0			0			0			0		
接近完全的猫眼石(防具)	4247	0			0			0			0			0			0			0			0			0			0			0			1	270	270	0			0			0			0			0			0			0			0			0			0			0			0		
完全结晶体的猫眼石(防具)	4248	0			0			0			0			0			0			0			0			0			0			0			1	300	300	0			0			0			0			0			0			0			0			0			0			0			0		
破损的很严重的猫眼石(饰品)	4249	0			0			0			0			0			0			0			0			0			0			0			1	60	60	0			0			0			0			0			0			0			0			0			0			0			0		
破破的猫眼石(饰品)	4250	0			0			0			0			0			0			0			0			0			0			0			1	90	90	0			0			0			0			0			0			0			0			0			0			0			0		
有点破损的猫眼石(饰品)	4251	0			0			0			0			0			0			0			0			0			0			0			1	120	120	0			0			0			0			0			0			0			0			0			0			0			0		
猫眼石卡片(饰品)	4252	0			0			0			0			0			0			0			0			0			0			0			1	150	150	0			0			0			0			0			0			0			0			0			0			0			0		
还不错的猫眼石(饰品)	4253	0			0			0			0			0			0			0			0			0			0			0			1	180	180	0			0			0			0			0			0			0			0			0			0			0			0		
优良的猫眼石(饰品)	4254	0			0			0			0			0			0			0			0			0			0			0			1	210	210	0			0			0			0			0			0			0			0			0			0			0			0		
非常优良的猫眼石(饰品)	4255	0			0			0			0			0			0			0			0			0			0			0			1	240	240	0			0			0			0			0			0			0			0			0			0			0			0		
接近完全的猫眼石(饰品)	4256	0			0			0			0			0			0			0			0			0			0			0			1	270	270	0			0			0			0			0			0			0			0			0			0			0			0		
完全结晶体的猫眼石(饰品)	4257	0			0			0			0			0			0			0			0			0			0			0			1	300	300	0			0			0			0			0			0			0			0			0			0			0			0		
ヒスイ	6000	0			0			0			0			0	60	60	0			0			0			0			0			0			0			0			0			0			0			0			0			0	10	10	0			0			0			0			0		
琥珀（入）	6001	0			0			0	10	10	0			0			0			0			0			0			0			0			0			0	50	50	0			0			0			0			0			0			0			0			0			0			0		
影の真珠　LV1	6002	0			0			0			0			0			0			0			0			0			0			0			0			0			0			0			0	10	10	0	10	10	0	10	10	0	10	10	0	10	10	0	10	10	0			0			0		
确认用?石	6003	0	10	10	0	10	10	0	10	10	0	10	10	0	10	10	0	10	10	0	10	10	0	10	10	0	10	10	0	10	10	0			0			0			0			0			0			0			0			0			0			0			0			0			0		
サファイアの欠片(武器)	6100	0			1	5	5	0			1	-3	-3	0			0			0			0			0			0			0			0			0			0			0			0			0			0			0			0			0			0			0			0		
かなり欠けたサファイア(武器)	6101	0			1	8	8	0			1	-6	-6	0			0			0			0			0			0			0			0			0			0			0			0			0			0			0			0			0			0			0			0		
欠けたサファイア(武器)	6102	0			1	11	11	0			1	-9	-9	0			0			0			0			0			0			0			0			0			0			0			0			0			0			0			0			0			0			0			0		
やや欠けたサファイア(武器)	6103	0			1	14	14	0			1	-12	-12	0			0			0			0			0			0			0			0			0			0			0			0			0			0			0			0			0			0			0			0		
サファイア(武器)	6104	0			1	17	17	0			1	-15	-15	0			0			0			0			0			0			0			0			0			0			0			0			0			0			0			0			0			0			0			0		
やや良质なサファイア(武器)	6105	0			1	20	20	0			1	-18	-18	0			0			0			0			0			0			0			0			0			0			0			0			0			0			0			0			0			0			0			0		
良质なサファイア(武器)	6106	0			1	23	23	0			1	-21	-21	0			0			0			0			0			0			0			0			0			0			0			0			0			0			0			0			0			0			0			0		
かなり良质なサファイア(武器)	6107	0			1	26	26	0			1	-24	-24	0			0			0			0			0			0			0			0			0			0			0			0			0			0			0			0			0			0			0			0		
完全に近いサファイア(武器)	6108	0			1	29	29	0			1	-27	-27	0			0			0			0			0			0			0			0			0			0			0			0			0			0			0			0			0			0			0			0		
完全结晶体のサファイア(武器)	6109	0			1	32	32	0			1	-30	-30	0			0			0			0			0			0			0			0			0			0			0			0			0			0			0			0			0			0			0			0		
シトリンの欠片(武器)	6110	0			0			0			1	-3	-3	1	4	4	0			0			0			0			0			0			0			0			0			0			0			0			0			0			0			0			0			0			0		
かなり欠けたシトリン(武器)	6111	0			0			0			1	-6	-6	1	6	6	0			0			0			0			0			0			0			0			0			0			0			0			0			0			0			0			0			0			0		
欠けたシトリン(武器)	6112	0			0			0			1	-9	-9	1	8	8	0			0			0			0			0			0			0			0			0			0			0			0			0			0			0			0			0			0			0		
やや欠けたシトリン(武器)	6113	0			0			0			1	-12	-12	1	10	10	0			0			0			0			0			0			0			0			0			0			0			0			0			0			0			0			0			0			0		
シトリン(武器)	6114	0			0			0			1	-15	-15	1	12	12	0			0			0			0			0			0			0			0			0			0			0			0			0			0			0			0			0			0			0		
やや良质なシトリン(武器)	6115	0			0			0			1	-18	-18	1	14	14	0			0			0			0			0			0			0			0			0			0			0			0			0			0			0			0			0			0			0		
良质なシトリン(武器)	6116	0			0			0			1	-21	-21	1	16	16	0			0			0			0			0			0			0			0			0			0			0			0			0			0			0			0			0			0			0		
かなり良质なシトリン(武器)	6117	0			0			0			1	-24	-24	1	18	18	0			0			0			0			0			0			0			0			0			0			0			0			0			0			0			0			0			0			0		
完全に近いシトリン(武器)	6118	0			0			0			1	-27	-27	1	20	20	0			0			0			0			0			0			0			0			0			0			0			0			0			0			0			0			0			0			0		
完全结晶体のシトリン(武器)	6119	0			0			0			1	-30	-30	1	22	22	0			0			0			0			0			0			0			0			0			0			0			0			0			0			0			0			0			0			0		
ダンブライトの欠片(武器)	6120	0			0	-2	-2	0			0			0			0			0			0			0			1	1	1	0			0			0			0			0			0			0			0			0			0			0			0			0			0		
かなり欠けたダンブライト(武器)	6121	0			0	-4	-4	0			0			0			0			0			0			0			1	2	2	0			0			0			0			0			0			0			0			0			0			0			0			0			0		
欠けたダンブライト(武器)	6122	0			0	-6	-6	0			0			0			0			0			0			0			1	3	3	0			0			0			0			0			0			0			0			0			0			0			0			0			0		
やや欠けたダンブライト(武器)	6123	0			0	-8	-8	0			0			0			0			0			0			0			1	4	4	0			0			0			0			0			0			0			0			0			0			0			0			0			0		
ダンブライト(武器)	6124	0			0	-10	-10	0			0			0			0			0			0			0			1	5	5	0			0			0			0			0			0			0			0			0			0			0			0			0			0		
やや良质なダンブライト(武器)	6125	0			0	-12	-12	0			0			0			0			0			0			0			1	6	6	0			0			0			0			0			0			0			0			0			0			0			0			0			0		
良质なダンブライト(武器)	6126	0			0	-14	-14	0			0			0			0			0			0			0			1	7	7	0			0			0			0			0			0			0			0			0			0			0			0			0			0		
かなり良质なダンブライト(武器)	6127	0			0	-16	-16	0			0			0			0			0			0			0			1	8	8	0			0			0			0			0			0			0			0			0			0			0			0			0			0		
完全に近いダンブライト(武器)	6128	0			0	-18	-18	0			0			0			0			0			0			0			1	9	9	0			0			0			0			0			0			0			0			0			0			0			0			0			0		
完全结晶体のダンブライト(武器)	6129	0			0	-20	-20	0			0			0			0			0			0			0			1	10	10	0			0			0			0			0			0			0			0			0			0			0			0			0			0		
ビリディンの欠片(武器)	6130	0			0	-1	-1	0			0			0			0			0			1	1	1	0			0			0			0			0			0			0			0			0			0			0			0			0			0			0			0		
かなり欠けたビリディン(武器)	6131	0			0	-2	-2	0			0			0			0			0			1	2	2	0			0			0			0			0			0			0			0			0			0			0			0			0			0			0			0		
欠けたビリディン(武器)	6132	0			0	-3	-3	0			0			0			0			0			1	3	3	0			0			0			0			0			0			0			0			0			0			0			0			0			0			0			0		
やや欠けたビリディン(武器)	6133	0			0	-4	-4	0			0			0			0			0			1	4	4	0			0			0			0			0			0			0			0			0			0			0			0			0			0			0			0		
ビリディン(武器)	6134	0			0	-5	-5	0			0			0			0			0			1	5	5	0			0			0			0			0			0			0			0			0			0			0			0			0			0			0			0		
やや良质なビリディン(武器)	6135	0			0	-6	-6	0			0			0			0			0			1	6	6	0			0			0			0			0			0			0			0			0			0			0			0			0			0			0			0		
良质なビリディン(武器)	6136	0			0	-7	-7	0			0			0			0			0			1	7	7	0			0			0			0			0			0			0			0			0			0			0			0			0			0			0			0		
かなり良质なビリディン(武器)	6137	0			0	-8	-8	0			0			0			0			0			1	8	8	0			0			0			0			0			0			0			0			0			0			0			0			0			0			0			0		
完全に近いビリディン(武器)	6138	0			0	-9	-9	0			0			0			0			0			1	9	9	0			0			0			0			0			0			0			0			0			0			0			0			0			0			0			0		
完全结晶体ビリディン(武器)	6139	0			0	-10	-10	0			0			0			0			0			1	10	10	0			0			0			0			0			0			0			0			0			0			0			0			0			0			0			0		
ぺリドットの欠片(武器)	6140	0			0			0			0			0			0			1	-1	-1	1	1	1	0			0			0			0			0			0			0			0			0			0			0			0			0			0			0			0		
かなり欠けたぺリドット(武器)	6141	0			0			0			0			0			0			1	-2	-2	1	2	2	0			0			0			0			0			0			0			0			0			0			0			0			0			0			0			0		
欠けたぺリドット(武器)	6142	0			0			0			0			0			0			1	-3	-3	1	3	3	0			0			0			0			0			0			0			0			0			0			0			0			0			0			0			0		
やや欠けたぺリドット(武器)	6143	0			0			0			0			0			0			1	-4	-4	1	4	4	0			0			0			0			0			0			0			0			0			0			0			0			0			0			0			0		
ぺリドット(武器)	6144	0			0			0			0			0			0			1	-5	-5	1	5	5	0			0			0			0			0			0			0			0			0			0			0			0			0			0			0			0		
やや良质なぺリドット(武器)	6145	0			0			0			0			0			0			1	-6	-6	1	6	6	0			0			0			0			0			0			0			0			0			0			0			0			0			0			0			0		
良质なぺリドット(武器)	6146	0			0			0			0			0			0			1	-7	-7	1	7	7	0			0			0			0			0			0			0			0			0			0			0			0			0			0			0			0		
かなり良质なぺリドット(武器)	6147	0			0			0			0			0			0			1	-8	-8	1	8	8	0			0			0			0			0			0			0			0			0			0			0			0			0			0			0			0		
完全に近いぺリドット(武器)	6148	0			0			0			0			0			0			1	-9	-9	1	9	9	0			0			0			0			0			0			0			0			0			0			0			0			0			0			0			0		
完全结晶体のぺリドット(武器)	6149	0			0			0			0			0			0			1	-10	-10	1	10	10	0			0			0			0			0			0			0			0			0			0			0			0			0			0			0			0		
サンスト`ンの欠片(武器)	6150	0	-1	-1	0			0			1	3	3	0			0			0			0			0			0			0			0			0			0			0			0			0			0			0			0			0			0			0			0		
かなり欠けたサンスト`ン(武器)	6151	0	-2	-2	0			0			1	6	6	0			0			0			0			0			0			0			0			0			0			0			0			0			0			0			0			0			0			0			0		
欠けたサンスト`ン(武器)	6152	0	-3	-3	0			0			1	9	9	0			0			0			0			0			0			0			0			0			0			0			0			0			0			0			0			0			0			0			0		
やや欠けたサンスト`ン(武器)	6153	0	-4	-4	0			0			1	12	12	0			0			0			0			0			0			0			0			0			0			0			0			0			0			0			0			0			0			0			0		
サンスト`ン(武器)	6154	0	-5	-5	0			0			1	15	15	0			0			0			0			0			0			0			0			0			0			0			0			0			0			0			0			0			0			0			0		
やや良质なサンスト`ン(武器)	6155	0	-6	-6	0			0			1	18	18	0			0			0			0			0			0			0			0			0			0			0			0			0			0			0			0			0			0			0			0		
良质なサンスト`ン(武器)	6156	0	-7	-7	0			0			1	21	21	0			0			0			0			0			0			0			0			0			0			0			0			0			0			0			0			0			0			0			0		
かなり良质なサンスト`ン(武器)	6157	0	-8	-8	0			0			1	24	24	0			0			0			0			0			0			0			0			0			0			0			0			0			0			0			0			0			0			0			0		
完全に近いサンスト`ン(武器)	6158	0	-9	-9	0			0			1	27	27	0			0			0			0			0			0			0			0			0			0			0			0			0			0			0			0			0			0			0			0		
完全结晶体のサンスト`ン(武器)	6159	0	-10	-10	0			0			1	30	30	0			0			0			0			0			0			0			0			0			0			0			0			0			0			0			0			0			0			0			0		
アイオライトの欠片(武器)	6160	0			0			0			0			0			0			0			0			1	-1	-1	1	1	1	0			0			0			0			0			0			0			0			0			0			0			0			0			0		
かなり欠けたアイオライト(武器)	6161	0			0			0			0			0			0			0			0			1	-2	-2	1	2	2	0			0			0			0			0			0			0			0			0			0			0			0			0			0		
欠けたアイオライト(武器)	6162	0			0			0			0			0			0			0			0			1	-3	-3	1	3	3	0			0			0			0			0			0			0			0			0			0			0			0			0			0		
やや欠けたアイオライト(武器)	6163	0			0			0			0			0			0			0			0			1	-4	-4	1	4	4	0			0			0			0			0			0			0			0			0			0			0			0			0			0		
アイオライト(武器)	6164	0			0			0			0			0			0			0			0			1	-5	-5	1	5	5	0			0			0			0			0			0			0			0			0			0			0			0			0			0		
やや良质なアイオライト(武器)	6165	0			0			0			0			0			0			0			0			1	-6	-6	1	6	6	0			0			0			0			0			0			0			0			0			0			0			0			0			0		
良质なアイオライト(武器)	6166	0			0			0			0			0			0			0			0			1	-7	-7	1	7	7	0			0			0			0			0			0			0			0			0			0			0			0			0			0		
かなり良质なアイオライト(武器)	6167	0			0			0			0			0			0			0			0			1	-8	-8	1	8	8	0			0			0			0			0			0			0			0			0			0			0			0			0			0		
完全に近いアイオライト(武器)	6168	0			0			0			0			0			0			0			0			1	-9	-9	1	9	9	0			0			0			0			0			0			0			0			0			0			0			0			0			0		
完全结晶体のアイオライト(武器)	6169	0			0			0			0			0			0			0			0			1	-10	-10	1	10	10	0			0			0			0			0			0			0			0			0			0			0			0			0			0		
パ`ルの欠片(武器)	6170	0			0			0			0			0			0			0			0			0			0			1	30	30	0			0			0			0			0			0			0			0			0			0			0			0			0		
かなり欠けたパ`ル(武器)	6171	0			0			0			0			0			0			0			0			0			0			1	40	40	0			0			0			0			0			0			0			0			0			0			0			0			0		
欠けたパ`ル(武器)	6172	0			0			0			0			0			0			0			0			0			0			1	50	50	0			0			0			0			0			0			0			0			0			0			0			0			0		
やや欠けたパ`ル(武器)	6173	0			0			0			0			0			0			0			0			0			0			1	60	60	0			0			0			0			0			0			0			0			0			0			0			0			0		
パ`ル(武器)	6174	0			0			0			0			0			0			0			0			0			0			1	70	70	0			0			0			0			0			0			0			0			0			0			0			0			0		
やや良质なパ`ル(武器)	6175	0			0			0			0			0			0			0			0			0			0			1	80	80	0			0			0			0			0			0			0			0			0			0			0			0			0		
良质なパ`ル(武器)	6176	0			0			0			0			0			0			0			0			0			0			1	90	90	0			0			0			0			0			0			0			0			0			0			0			0			0		
かなり良质なパ`ル(武器)	6177	0			0			0			0			0			0			0			0			0			0			1	100	100	0			0			0			0			0			0			0			0			0			0			0			0			0		
完全に近いパ`ル(武器)	6178	0			0			0			0			0			0			0			0			0			0			1	110	110	0			0			0			0			0			0			0			0			0			0			0			0			0		
完全结晶体のパ`ル(武器)	6179	0			0			0			0			0			0			0			0			0			0			1	120	120	0			0			0			0			0			0			0			0			0			0			0			0			0		
クォ`ツの欠片(武器)	6180	0			0			0			0			0			0			0			0			0			0			0			0			0			0			1	1	1	0			0			0			0			0			0			0			0			0		
かなり欠けたクォ`ツ(武器)	6181	0			0			0			0			0			0			0			0			0			0			0			0			0			0			1	2	2	0			0			0			0			0			0			0			0			0		
欠けたクォ`ツ(武器)	6182	0			0			0			0			0			0			0			0			0			0			0			0			0			0			1	3	3	0			0			0			0			0			0			0			0			0		
やや欠けたクォ`ツ(武器)	6183	0			0			0			0			0			0			0			0			0			0			0			0			0			0			1	4	4	0			0			0			0			0			0			0			0			0		
クォ`ツ(武器)	6184	0			0			0			0			0			0			0			0			0			0			0			0			0			0			1	5	5	0			0			0			0			0			0			0			0			0		
やや良质なクォ`ツ(武器)	6185	0			0			0			0			0			0			0			0			0			0			0			0			0			0			1	6	6	0			0			0			0			0			0			0			0			0		
良质なクォ`ツ(武器)	6186	0			0			0			0			0			0			0			0			0			0			0			0			0			0			1	7	7	0			0			0			0			0			0			0			0			0		
かなり良质なクォ`ツ(武器)	6187	0			0			0			0			0			0			0			0			0			0			0			0			0			0			1	8	8	0			0			0			0			0			0			0			0			0		
完全に近いクォ`ツ(武器)	6188	0			0			0			0			0			0			0			0			0			0			0			0			0			0			1	9	9	0			0			0			0			0			0			0			0			0		
完全结晶体のクォ`ツ(武器)	6189	0			0			0			0			0			0			0			0			0			0			0			0			0			0			1	10	10	0			0			0			0			0			0			0			0			0		
テクタイトの欠片(武器)	6190	0			0			0			0			0			0			0			0			0			0			0			0			0			0			0			0			1	4	4	0			0			1	-4	-4	0			0			0			0		
かなり欠けたテクタイト(武器)	6191	0			0			0			0			0			0			0			0			0			0			0			0			0			0			0			0			1	8	8	0			0			1	-8	-8	0			0			0			0		
欠けたテクタイト(武器)	6192	0			0			0			0			0			0			0			0			0			0			0			0			0			0			0			0			1	12	12	0			0			1	-12	-12	0			0			0			0		
やや欠けたテクタイト(武器)	6193	0			0			0			0			0			0			0			0			0			0			0			0			0			0			0			0			1	16	16	0			0			1	-16	-16	0			0			0			0		
テクタイト(武器)	6194	0			0			0			0			0			0			0			0			0			0			0			0			0			0			0			0			1	20	20	0			0			1	-20	-20	0			0			0			0		
やや良质なテクタイト(武器)	6195	0			0			0			0			0			0			0			0			0			0			0			0			0			0			0			0			1	24	24	0			0			1	-24	-24	0			0			0			0		
良质なテクタイト(武器)	6196	0			0			0			0			0			0			0			0			0			0			0			0			0			0			0			0			1	28	28	0			0			1	-28	-28	0			0			0			0		
かなり良质なテクタイト(武器)	6197	0			0			0			0			0			0			0			0			0			0			0			0			0			0			0			0			1	32	32	0			0			1	-32	-32	0			0			0			0		
完全に近いテクタイト(武器)	6198	0			0			0			0			0			0			0			0			0			0			0			0			0			0			0			0			1	36	36	0			0			1	-36	-36	0			0			0			0		
完全结晶体のテクタイト(武器)	6199	0			0			0			0			0			0			0			0			0			0			0			0			0			0			0			0			1	40	40	0			0			1	-40	-40	0			0			0			0		
ジェットの欠片(武器)	6200	0			0			0			0			0			0			0			0			0			0			0			0			0			0			0			0			0			1	-4	-4	0			1	4	4	0			0			0			0		
かなり欠けたジェット(武器)	6201	0			0			0			0			0			0			0			0			0			0			0			0			0			0			0			0			0			1	-8	-8	0			1	8	8	0			0			0			0		
欠けたジェット(武器)	6202	0			0			0			0			0			0			0			0			0			0			0			0			0			0			0			0			0			1	-12	-12	0			1	12	12	0			0			0			0		
やや欠けたジェット(武器)	6203	0			0			0			0			0			0			0			0			0			0			0			0			0			0			0			0			0			1	-16	-16	0			1	16	16	0			0			0			0		
ジェット(武器)	6204	0			0			0			0			0			0			0			0			0			0			0			0			0			0			0			0			0			1	-20	-20	0			1	20	20	0			0			0			0		
やや良质なジェット(武器)	6205	0			0			0			0			0			0			0			0			0			0			0			0			0			0			0			0			0			1	-24	-24	0			1	24	24	0			0			0			0		
良质なジェット(武器)	6206	0			0			0			0			0			0			0			0			0			0			0			0			0			0			0			0			0			1	-28	-28	0			1	28	28	0			0			0			0		
かなり良质なジェット(武器)	6207	0			0			0			0			0			0			0			0			0			0			0			0			0			0			0			0			0			1	-32	-32	0			1	32	32	0			0			0			0		
完全に近いジェット(武器)	6208	0			0			0			0			0			0			0			0			0			0			0			0			0			0			0			0			0			1	-36	-36	0			1	36	36	0			0			0			0		
完全结晶体のジェット(武器)	6209	0			0			0			0			0			0			0			0			0			0			0			0			0			0			0			0			0			1	-40	-40	0			1	40	40	0			0			0			0		
キャシテライトの欠片(武器)	6210	0			0			0			0			0			0			0			0			0			0			0			0			0			0			0			0			1	-4	-4	1	4	4	0			0			0			0			0			0		
かなり欠けたキャシテライト(武器)	6211	0			0			0			0			0			0			0			0			0			0			0			0			0			0			0			0			1	-8	-8	1	8	8	0			0			0			0			0			0		
欠けたキャシテライト(武器)	6212	0			0			0			0			0			0			0			0			0			0			0			0			0			0			0			0			1	-12	-12	1	12	12	0			0			0			0			0			0		
やや欠けたキャシテライト(武器)	6213	0			0			0			0			0			0			0			0			0			0			0			0			0			0			0			0			1	-16	-16	1	16	16	0			0			0			0			0			0		
キャシテライト(武器)	6214	0			0			0			0			0			0			0			0			0			0			0			0			0			0			0			0			1	-20	-20	1	20	20	0			0			0			0			0			0		
やや良质なキャシテライト(武器)	6215	0			0			0			0			0			0			0			0			0			0			0			0			0			0			0			0			1	-24	-24	1	24	24	0			0			0			0			0			0		
良质なキャシテライト(武器)	6216	0			0			0			0			0			0			0			0			0			0			0			0			0			0			0			0			1	-28	-28	1	28	28	0			0			0			0			0			0		
かなり良质なキャシテライト(武器)	6217	0			0			0			0			0			0			0			0			0			0			0			0			0			0			0			0			1	-32	-32	1	32	32	0			0			0			0			0			0		
完全に近いキャシテライト(武器)	6218	0			0			0			0			0			0			0			0			0			0			0			0			0			0			0			0			1	-36	-36	1	36	36	0			0			0			0			0			0		
完全结晶体のキャシテライト(武器)	6219	0			0			0			0			0			0			0			0			0			0			0			0			0			0			0			0			1	-40	-40	1	40	40	0			0			0			0			0			0		
サファイアの欠片(防具)	6220	0			0			1	2	2	1	-1	-1	0			0			0			0			0			0			0			0			0			0			0			0			0			0			0			0			0			0			0			0		
かなり欠けたサファイア(防具)	6221	0			0			1	4	4	1	-2	-2	0			0			0			0			0			0			0			0			0			0			0			0			0			0			0			0			0			0			0			0		
欠けたサファイア(防具)	6222	0			0			1	6	6	1	-3	-3	0			0			0			0			0			0			0			0			0			0			0			0			0			0			0			0			0			0			0			0		
やや欠けたサファイア(防具)	6223	0			0			1	8	8	1	-4	-4	0			0			0			0			0			0			0			0			0			0			0			0			0			0			0			0			0			0			0			0		
サファイア(防具)	6224	0			0			1	10	10	1	-5	-5	0			0			0			0			0			0			0			0			0			0			0			0			0			0			0			0			0			0			0			0		
やや良质なサファイア(防具)	6225	0			0			1	12	12	1	-6	-6	0			0			0			0			0			0			0			0			0			0			0			0			0			0			0			0			0			0			0			0		
良质なサファイア(防具)	6226	0			0			1	14	14	1	-7	-7	0			0			0			0			0			0			0			0			0			0			0			0			0			0			0			0			0			0			0			0		
かなり良质なサファイア(防具)	6227	0			0			1	16	16	1	-8	-8	0			0			0			0			0			0			0			0			0			0			0			0			0			0			0			0			0			0			0			0		
完全に近いサファイア(防具)	6228	0			0			1	18	18	1	-9	-9	0			0			0			0			0			0			0			0			0			0			0			0			0			0			0			0			0			0			0			0		
完全结晶体のサファイア(防具)	6229	0			0			1	20	20	1	-10	-10	0			0			0			0			0			0			0			0			0			0			0			0			0			0			0			0			0			0			0			0		
シトリンの欠片(防具)	6230	0			0			0	-2	-2	0			1	3	3	0			0			0			0			0			0			0			0			0			0			0			0			0			0			0			0			0			0			0		
かなり欠けたシトリン(防具)	6231	0			0			0	-4	-4	0			1	4	4	0			0			0			0			0			0			0			0			0			0			0			0			0			0			0			0			0			0			0		
欠けたシトリン(防具)	6232	0			0			0	-6	-6	0			1	5	5	0			0			0			0			0			0			0			0			0			0			0			0			0			0			0			0			0			0			0		
やや欠けたシトリン(防具)	6233	0			0			0	-8	-8	0			1	6	6	0			0			0			0			0			0			0			0			0			0			0			0			0			0			0			0			0			0			0		
シトリン(防具)	6234	0			0			0	-10	-10	0			1	7	7	0			0			0			0			0			0			0			0			0			0			0			0			0			0			0			0			0			0			0		
やや良质なシトリン(防具)	6235	0			0			0	-12	-12	0			1	8	8	0			0			0			0			0			0			0			0			0			0			0			0			0			0			0			0			0			0			0		
良质なシトリン(防具)	6236	0			0			0	-14	-14	0			1	9	9	0			0			0			0			0			0			0			0			0			0			0			0			0			0			0			0			0			0			0		
かなり良质なシトリン(防具)	6237	0			0			0	-16	-16	0			1	10	10	0			0			0			0			0			0			0			0			0			0			0			0			0			0			0			0			0			0			0		
完全に近いシトリン(防具)	6238	0			0			0	-18	-18	0			1	11	11	0			0			0			0			0			0			0			0			0			0			0			0			0			0			0			0			0			0			0		
完全结晶体のシトリン(防具)	6239	0			0			0	-20	-20	0			1	12	12	0			0			0			0			0			0			0			0			0			0			0			0			0			0			0			0			0			0			0		
ダンブライトの欠片(防具)	6240	0			0			0			0			0			0			0			0			1	-1	-1	1	1	1	0			0			0			0			0			0			0			0			0			0			0			0			0			0		
かなり欠けたダンブライト(防具)	6241	0			0			0			0			0			0			0			0			1	-2	-2	1	2	2	0			0			0			0			0			0			0			0			0			0			0			0			0			0		
欠けたダンブライト(防具)	6242	0			0			0			0			0			0			0			0			1	-3	-3	1	3	3	0			0			0			0			0			0			0			0			0			0			0			0			0			0		
やや欠けたダンブライト(防具)	6243	0			0			0			0			0			0			0			0			1	-4	-4	1	4	4	0			0			0			0			0			0			0			0			0			0			0			0			0			0		
ダンブライト(防具)	6244	0			0			0			0			0			0			0			0			1	-5	-5	1	5	5	0			0			0			0			0			0			0			0			0			0			0			0			0			0		
やや良质なダンブライト(防具)	6245	0			0			0			0			0			0			0			0			1	-6	-6	1	6	6	0			0			0			0			0			0			0			0			0			0			0			0			0			0		
良质なダンブライト(防具)	6246	0			0			0			0			0			0			0			0			1	-7	-7	1	7	7	0			0			0			0			0			0			0			0			0			0			0			0			0			0		
かなり良质なダンブライト(防具)	6247	0			0			0			0			0			0			0			0			1	-8	-8	1	8	8	0			0			0			0			0			0			0			0			0			0			0			0			0			0		
完全に近いダンブライト(防具)	6248	0			0			0			0			0			0			0			0			1	-9	-9	1	9	9	0			0			0			0			0			0			0			0			0			0			0			0			0			0		
完全结晶体のダンブライト(防具)	6249	0			0			0			0			0			0			0			0			1	-10	-10	1	10	10	0			0			0			0			0			0			0			0			0			0			0			0			0			0		
ビリディンの欠片(防具)	6250	0			0			0			1	-4	-4	0			0			1	1	1	0			0			0			0			0			0			0			0			0			0			0			0			0			0			0			0			0		
かなり欠けたビリディン(防具)	6251	0			0			0			1	-8	-8	0			0			1	2	2	0			0			0			0			0			0			0			0			0			0			0			0			0			0			0			0			0		
欠けたビリディン(防具)	6252	0			0			0			1	-12	-12	0			0			1	3	3	0			0			0			0			0			0			0			0			0			0			0			0			0			0			0			0			0		
やや欠けたビリディン(防具)	6253	0			0			0			1	-16	-16	0			0			1	4	4	0			0			0			0			0			0			0			0			0			0			0			0			0			0			0			0			0		
ビリディン(防具)	6254	0			0			0			1	-20	-20	0			0			1	5	5	0			0			0			0			0			0			0			0			0			0			0			0			0			0			0			0			0		
やや良质なビリディン(防具)	6255	0			0			0			1	-24	-24	0			0			1	6	6	0			0			0			0			0			0			0			0			0			0			0			0			0			0			0			0			0		
良质なビリディン(防具)	6256	0			0			0			1	-28	-28	0			0			1	7	7	0			0			0			0			0			0			0			0			0			0			0			0			0			0			0			0			0		
かなり良质なビリディン(防具)	6257	0			0			0			1	-32	-32	0			0			1	8	8	0			0			0			0			0			0			0			0			0			0			0			0			0			0			0			0			0		
完全に近いビリディン(防具)	6258	0			0			0			1	-36	-36	0			0			1	9	9	0			0			0			0			0			0			0			0			0			0			0			0			0			0			0			0			0		
完全结晶体のビリディン(防具)	6259	0			0			0			1	-40	-40	0			0			1	10	10	0			0			0			0			0			0			0			0			0			0			0			0			0			0			0			0			0		
ぺリドットの欠片(防具)	6260	0			0			0			0			0			0			1	1	1	0			1	-1	-1	0			0			0			0			0			0			0			0			0			0			0			0			0			0			0		
かなり欠けたぺリドット(防具)	6261	0			0			0			0			0			0			1	2	2	0			1	-2	-2	0			0			0			0			0			0			0			0			0			0			0			0			0			0			0		
欠けたぺリドット(防具)	6262	0			0			0			0			0			0			1	3	3	0			1	-3	-3	0			0			0			0			0			0			0			0			0			0			0			0			0			0			0		
やや欠けたぺリドット(防具)	6263	0			0			0			0			0			0			1	4	4	0			1	-4	-4	0			0			0			0			0			0			0			0			0			0			0			0			0			0			0		
ぺリドット(防具)	6264	0			0			0			0			0			0			1	5	5	0			1	-5	-5	0			0			0			0			0			0			0			0			0			0			0			0			0			0			0		
やや良质なぺリドット(防具)	6265	0			0			0			0			0			0			1	6	6	0			1	-6	-6	0			0			0			0			0			0			0			0			0			0			0			0			0			0			0		
良质なぺリドット(防具)	6266	0			0			0			0			0			0			1	7	7	0			1	-7	-7	0			0			0			0			0			0			0			0			0			0			0			0			0			0			0		
かなり良质なぺリドット(防具)	6267	0			0			0			0			0			0			1	8	8	0			1	-8	-8	0			0			0			0			0			0			0			0			0			0			0			0			0			0			0		
完全に近いぺリドット(防具)	6268	0			0			0			0			0			0			1	9	9	0			1	-9	-9	0			0			0			0			0			0			0			0			0			0			0			0			0			0			0		
完全结晶体のぺリドット(防具)	6269	0			0			0			0			0			0			1	10	10	0			1	-10	-10	0			0			0			0			0			0			0			0			0			0			0			0			0			0			0		
サンスト`ンの欠片(防具)	6270	0	-1	-1	0			0			1	2	2	0			0			0			0			0			0			0			0			0			0			0			0			0			0			0			0			0			0			0			0		
かなり欠けたサンスト`ン(防具)	6271	0	-2	-2	0			0			1	4	4	0			0			0			0			0			0			0			0			0			0			0			0			0			0			0			0			0			0			0			0		
欠けたサンスト`ン(防具)	6272	0	-3	-3	0			0			1	6	6	0			0			0			0			0			0			0			0			0			0			0			0			0			0			0			0			0			0			0			0		
やや欠けたサンスト`ン(防具)	6273	0	-4	-4	0			0			1	8	8	0			0			0			0			0			0			0			0			0			0			0			0			0			0			0			0			0			0			0			0		
サンスト`ン(防具)	6274	0	-5	-5	0			0			1	10	10	0			0			0			0			0			0			0			0			0			0			0			0			0			0			0			0			0			0			0			0		
やや良质なサンスト`ン(防具)	6275	0	-6	-6	0			0			1	12	12	0			0			0			0			0			0			0			0			0			0			0			0			0			0			0			0			0			0			0			0		
良质なサンスト`ン(防具)	6276	0	-7	-7	0			0			1	14	14	0			0			0			0			0			0			0			0			0			0			0			0			0			0			0			0			0			0			0			0		
かなり良质なサンスト`ン(防具)	6277	0	-8	-8	0			0			1	16	16	0			0			0			0			0			0			0			0			0			0			0			0			0			0			0			0			0			0			0			0		
完全に近いサンスト`ン(防具)	6278	0	-9	-9	0			0			1	18	18	0			0			0			0			0			0			0			0			0			0			0			0			0			0			0			0			0			0			0			0		
完全结晶体のサンスト`ン(防具)	6279	0	-10	-10	0			0			1	20	20	0			0			0			0			0			0			0			0			0			0			0			0			0			0			0			0			0			0			0			0		
アイオライトの欠片(防具)	6280	0			0			0			0			0			0			0			0			1	1	1	1	-1	-1	0			0			0			0			0			0			0			0			0			0			0			0			0			0		
かなり欠けたアイオライト(防具)	6281	0			0			0			0			0			0			0			0			1	2	2	1	-2	-2	0			0			0			0			0			0			0			0			0			0			0			0			0			0		
欠けたアイオライト(防具)	6282	0			0			0			0			0			0			0			0			1	3	3	1	-3	-3	0			0			0			0			0			0			0			0			0			0			0			0			0			0		
やや欠けたアイオライト(防具)	6283	0			0			0			0			0			0			0			0			1	4	4	1	-4	-4	0			0			0			0			0			0			0			0			0			0			0			0			0			0		
アイオライト(防具)	6284	0			0			0			0			0			0			0			0			1	5	5	1	-5	-5	0			0			0			0			0			0			0			0			0			0			0			0			0			0		
やや良质なアイオライト(防具)	6285	0			0			0			0			0			0			0			0			1	6	6	1	-6	-6	0			0			0			0			0			0			0			0			0			0			0			0			0			0		
良质なアイオライト(防具)	6286	0			0			0			0			0			0			0			0			1	7	7	1	-7	-7	0			0			0			0			0			0			0			0			0			0			0			0			0			0		
かなり良质なアイオライト(防具)	6287	0			0			0			0			0			0			0			0			1	8	8	1	-8	-8	0			0			0			0			0			0			0			0			0			0			0			0			0			0		
完全に近いアイオライト(防具)	6288	0			0			0			0			0			0			0			0			1	9	9	1	-9	-9	0			0			0			0			0			0			0			0			0			0			0			0			0			0		
完全结晶体のアイオライト(防具)	6289	0			0			0			0			0			0			0			0			1	10	10	1	-10	-10	0			0			0			0			0			0			0			0			0			0			0			0			0			0		
パ`ルの欠片(防具)	6290	0			0			0			0			0			0			0			0			0			0			1	15	15	0			0			0			0			0			0			0			0			0			0			0			0			0		
かなり欠けたパ`ル(防具)	6291	0			0			0			0			0			0			0			0			0			0			1	20	20	0			0			0			0			0			0			0			0			0			0			0			0			0		
欠けたパ`ル(防具)	6292	0			0			0			0			0			0			0			0			0			0			1	25	25	0			0			0			0			0			0			0			0			0			0			0			0			0		
やや欠けたパ`ル(防具)	6293	0			0			0			0			0			0			0			0			0			0			1	30	30	0			0			0			0			0			0			0			0			0			0			0			0			0		
パ`ル(防具)	6294	0			0			0			0			0			0			0			0			0			0			1	35	35	0			0			0			0			0			0			0			0			0			0			0			0			0		
やや良质なパ`ル(防具)	6295	0			0			0			0			0			0			0			0			0			0			1	40	40	0			0			0			0			0			0			0			0			0			0			0			0			0		
良质なパ`ル(防具)	6296	0			0			0			0			0			0			0			0			0			0			1	45	45	0			0			0			0			0			0			0			0			0			0			0			0			0		
かなり良质なパ`ル(防具)	6297	0			0			0			0			0			0			0			0			0			0			1	50	50	0			0			0			0			0			0			0			0			0			0			0			0			0		
完全に近いパ`ル(防具)	6298	0			0			0			0			0			0			0			0			0			0			1	55	55	0			0			0			0			0			0			0			0			0			0			0			0			0		
完全结晶体のパ`ル(防具)	6299	0			0			0			0			0			0			0			0			0			0			1	60	60	0			0			0			0			0			0			0			0			0			0			0			0			0		
クォ`ツの欠片(防具)	6300	0			0			0			0			0			0			0			0			0			0			0			0			0			0			1	1	1	0			0			0			0			0			0			0			0			0		
かなり欠けたクォ`ツ(防具)	6301	0			0			0			0			0			0			0			0			0			0			0			0			0			0			1	2	2	0			0			0			0			0			0			0			0			0		
欠けたクォ`ツ(防具)	6302	0			0			0			0			0			0			0			0			0			0			0			0			0			0			1	3	3	0			0			0			0			0			0			0			0			0		
やや欠けたクォ`ツ(防具)	6303	0			0			0			0			0			0			0			0			0			0			0			0			0			0			1	4	4	0			0			0			0			0			0			0			0			0		
クォ`ツ(防具)	6304	0			0			0			0			0			0			0			0			0			0			0			0			0			0			1	5	5	0			0			0			0			0			0			0			0			0		
やや良质なクォ`ツ(防具)	6305	0			0			0			0			0			0			0			0			0			0			0			0			0			0			1	6	6	0			0			0			0			0			0			0			0			0		
良质なクォ`ツ(防具)	6306	0			0			0			0			0			0			0			0			0			0			0			0			0			0			1	7	7	0			0			0			0			0			0			0			0			0		
かなり良质なクォ`ツ(防具)	6307	0			0			0			0			0			0			0			0			0			0			0			0			0			0			1	8	8	0			0			0			0			0			0			0			0			0		
完全に近いクォ`ツ(防具)	6308	0			0			0			0			0			0			0			0			0			0			0			0			0			0			1	9	9	0			0			0			0			0			0			0			0			0		
完全结晶体のクォ`ツ(防具)	6309	0			0			0			0			0			0			0			0			0			0			0			0			0			0			1	10	10	0			0			0			0			0			0			0			0			0		
テクタイトの欠片(防具)	6310	0			0			0			0			0			0			0			0			0			0			0			0			0			0			0			1	2	2	0			0			0			0			1	-2	-2	0			0			0		
かなり欠けたテクタイト(防具)	6311	0			0			0			0			0			0			0			0			0			0			0			0			0			0			0			1	4	4	0			0			0			0			1	-4	-4	0			0			0		
欠けたテクタイト(防具)	6312	0			0			0			0			0			0			0			0			0			0			0			0			0			0			0			1	6	6	0			0			0			0			1	-6	-6	0			0			0		
やや欠けたテクタイト(防具)	6313	0			0			0			0			0			0			0			0			0			0			0			0			0			0			0			1	8	8	0			0			0			0			1	-8	-8	0			0			0		
テクタイト(防具)	6314	0			0			0			0			0			0			0			0			0			0			0			0			0			0			0			1	10	10	0			0			0			0			1	-10	-10	0			0			0		
やや良质なテクタイト(防具)	6315	0			0			0			0			0			0			0			0			0			0			0			0			0			0			0			1	12	12	0			0			0			0			1	-12	-12	0			0			0		
良质なテクタイト(防具)	6316	0			0			0			0			0			0			0			0			0			0			0			0			0			0			0			1	14	14	0			0			0			0			1	-14	-14	0			0			0		
かなり良质なテクタイト(防具)	6317	0			0			0			0			0			0			0			0			0			0			0			0			0			0			0			1	16	16	0			0			0			0			1	-16	-16	0			0			0		
完全に近いテクタイト(防具)	6318	0			0			0			0			0			0			0			0			0			0			0			0			0			0			0			1	18	18	0			0			0			0			1	-18	-18	0			0			0		
完全结晶体のテクタイト(防具)	6319	0			0			0			0			0			0			0			0			0			0			0			0			0			0			0			1	20	20	0			0			0			0			1	-20	-20	0			0			0		
ジェットの欠片(防具)	6320	0			0			0			0			0			0			0			0			0			0			0			0			0			0			0			0			0			0			1	-2	-2	0			1	2	2	0			0			0		
かなり欠けたジェット(防具)	6321	0			0			0			0			0			0			0			0			0			0			0			0			0			0			0			0			0			0			1	-4	-4	0			1	4	4	0			0			0		
欠けたジェット(防具)	6322	0			0			0			0			0			0			0			0			0			0			0			0			0			0			0			0			0			0			1	-6	-6	0			1	6	6	0			0			0		
やや欠けたジェット(防具)	6323	0			0			0			0			0			0			0			0			0			0			0			0			0			0			0			0			0			0			1	-8	-8	0			1	8	8	0			0			0		
ジェット(防具)	6324	0			0			0			0			0			0			0			0			0			0			0			0			0			0			0			0			0			0			1	-10	-10	0			1	10	10	0			0			0		
やや良质なジェット(防具)	6325	0			0			0			0			0			0			0			0			0			0			0			0			0			0			0			0			0			0			1	-12	-12	0			1	12	12	0			0			0		
良质なジェット(防具)	6326	0			0			0			0			0			0			0			0			0			0			0			0			0			0			0			0			0			0			1	-14	-14	0			1	14	14	0			0			0		
かなり良质なジェット(防具)	6327	0			0			0			0			0			0			0			0			0			0			0			0			0			0			0			0			0			0			1	-16	-16	0			1	16	16	0			0			0		
完全に近いジェット(防具)	6328	0			0			0			0			0			0			0			0			0			0			0			0			0			0			0			0			0			0			1	-18	-18	0			1	18	18	0			0			0		
完全结晶体のジェット(防具)	6329	0			0			0			0			0			0			0			0			0			0			0			0			0			0			0			0			0			0			1	-20	-20	0			1	20	20	0			0			0		
キャシテライトの欠片(防具)	6330	0			0			0			0			0			0			0			0			0			0			0			0			0			0			0			1	-2	-2	0			0			1	2	2	0			0			0			0			0		
かなり欠けたキャシテライト(防具)	6331	0			0			0			0			0			0			0			0			0			0			0			0			0			0			0			1	-4	-4	0			0			1	4	4	0			0			0			0			0		
欠けたキャシテライト(防具)	6332	0			0			0			0			0			0			0			0			0			0			0			0			0			0			0			1	-6	-6	0			0			1	6	6	0			0			0			0			0		
やや欠けたキャシテライト(防具)	6333	0			0			0			0			0			0			0			0			0			0			0			0			0			0			0			1	-8	-8	0			0			1	8	8	0			0			0			0			0		
キャシテライト(防具)	6334	0			0			0			0			0			0			0			0			0			0			0			0			0			0			0			1	-10	-10	0			0			1	10	10	0			0			0			0			0		
やや良质なキャシテライト(防具)	6335	0			0			0			0			0			0			0			0			0			0			0			0			0			0			0			1	-12	-12	0			0			1	12	12	0			0			0			0			0		
良质なキャシテライト(防具)	6336	0			0			0			0			0			0			0			0			0			0			0			0			0			0			0			1	-14	-14	0			0			1	14	14	0			0			0			0			0		
かなり良质なキャシテライト(防具)	6337	0			0			0			0			0			0			0			0			0			0			0			0			0			0			0			1	-16	-16	0			0			1	16	16	0			0			0			0			0		
完全に近いキャシテライト(防具)	6338	0			0			0			0			0			0			0			0			0			0			0			0			0			0			0			1	-18	-18	0			0			1	18	18	0			0			0			0			0		
完全结晶体のキャシテライト(防具)	6339	0			0			0			0			0			0			0			0			0			0			0			0			0			0			0			1	-20	-20	0			0			1	20	20	0			0			0			0			0		