56562	
56563	
59500	
59501	
59502	
59503	
59504	
59510	
59511	
59520	
59521	
59524	
59530	
59531	
59534	
59535	
59536	
59537	
59538
59539
59541
59542
59543
59544
59545
59546
59547
59548
59550
59551
59560
59561
59562
59563
59564
59570
59571
59572
59583
59600
59601
59602
59603
59604
59605
59606
59607
59608
59609
59610
59611
59612
59613
59614
59615
59616
59617
59618
59619
59620
59621
59622
59623
59624
59625
59626
59627
59628
59629
59630
59631
59632
59633
59634
59635
59636
59637
59638
59639
59640
59641
59642
59643
59644
59645
59646
59647
59648
59649
59650
59651
59652
59653
59654
59655
59656
59657
59658
59659
59660
59661
59662
59663
59664
59665
59666
59667
59670
59671
59672
59673
59674
59675
59676
59677
59678
59679
59680
59681
59682
59683
59684
59685
59686
59687
59688
59689
59690
59691
59692
59693
59694
59695
59696
59697
59698
59699
59700
59701
59702
59703
59704
59710
59711
59712
59713
