block
	SprinkleAround 47565,47565,47565,47566,47566,47566,47567,47567,47568

#EndWindow  1054717
Endblock

##47565,66g
##47566,88g
##47567,666g
##47568,888g


#ºì°ü£¿	2007GMºØËêºì°ü	vespa_item_47565.txt			IuMs						47565	31990	0	26		0	1	0	72	1	1	1	1	0																																																																0	0	1	0		0	1647565	1747565	100	0	0	0	0	0
#ºì°ü£¿	2007GMºØËêºì°ü	vespa_item_47566.txt			IuMs						47566	31990	0	26		0	1	0	72	1	1	1	1	0																																																																0	0	1	0		0	1647566	1747566	100	0	0	0	0	0
#ºì°ü£¿	2007GMºØËêºì°ü	vespa_item_47567.txt			IuMs						47567	31990	0	26		0	1	0	72	1	1	1	1	0																																																																0	0	1	0		0	1647567	1747567	100	0	0	0	0	0
#ºì°ü£¿	2007GMºØËêºì°ü	vespa_item_47568.txt			IuMs						47568	31990	0	26		0	1	0	72	1	1	1	1	0																																																																0	0	1	0		0	1647568	1747568	100	0	0	0	0	0

