#maykor_item_41269.txt
block 
	killitem 41269,1
	GiveLeak1Item(18602%666$1,18603%333$1,18604%1$1)
	endblock
	
#微卡钟47719	
#设计图？	大地鼠设计图A										18602	27808	0	26		0	1	0	0	1	1	1	5	0					0	0	0	0	0	0																																																						0	0	1			0		188602	0	0	0			0
#设计图？	大地鼠设计图B										18603	27808	0	26		0	1	0	0	1	1	1	5	0					0	0	0	0	0	0																																																						0	0	1			0		188603	0	0	0			0
#设计图？	大地鼠设计图C										18604	27808	0	26		0	1	0	0	1	1	1	5	0					0	0	0	0	0	0																																																						0	0	1			0		188604	0	0	0			0
